-22.2545735872837,
-28.2751735005634,
-31.796998681677,
-34.295773413843,
-36.2339736740041,
-37.8175985949566,
-39.1565343875689,
-40.3163733271226,
-41.3394237760703,
-42.2545735872837,
-43.0824272904482,
-43.8381985082363,
-44.5334406334205,
-45.1771343008485,
-45.7763987683974,
-46.3369732404022,
-46.8635520148492,
-47.3600236893499,
-47.8296456063403,
-48.2751735005634,
-48.6989594819621,
-49.1030272037279,
-49.4891303076356,
-49.8587984215159,
-50.2133737607245,
-50.5540405467001,
-50.8818488704635,
-51.1977342141281,
-51.5025335452629,
-51.796998681677,
-52.0818074639692,
-52.3575731536819,
-52.6248523848415,
-52.8841519281288,
-53.1359344742893,
-53.3806236026295,
-53.6186080686236,
-53.8502455196199,
-54.0758657278137,
-54.295773413843,
-54.5102507216784,
-54.7195593952418,
-54.9239426988755,
-55.1236271170075,
-55.3188238627906,
-55.5097302209152,
-55.6965307459981,
-55.8793983347955,
-56.058495187854,
-56.2339736740041,
-56.4059771092425,
-56.5746404599797,
-56.7400909792995,
-56.9024487837431,
-57.0618273771686,
-57.2183341274078,
-57.3720707007336,
-57.5231334585425,
-57.6716138201266,
-57.8175985949566,
-57.9611702874991,
-58.1024073772488,
-58.2413845763554,
-58.3781730669615,
-58.5128407201408,
-58.6454522981211,
-58.7760696413003,
-58.9047518414085,
-59.0315554020289,
-59.1565343875689,
-59.2797405616652,
-59.4012235159091,
-59.5210307896929,
-59.6392079819033,
-59.7557988551178,
-59.8708454328996,
-59.9843880907334,
-60.0964656410933,
-60.2071154130926,
-60.3163733271226,
-60.4242739648568,
-60.5308506349581,
-60.6361354348052,
-60.7401593085214,
-60.8429521015696,
-60.9445426121551,
-61.0449586396561,
-61.1442270302871,
-61.242373720182,
-61.3394237760703,
-61.4354014337056,
-61.5303301341949,
-61.6242325583625,
-61.7171306592777,
-61.8090456930607,
-61.8999982480751,
-61.9900082726086,
-62.0790951011337,
-62.1672774792347,
-62.2545735872837,
-62.3410010629366,
-62.4265770225221,
-62.5113180813872,
-62.5952403732593,
-62.6783595686825,
-62.7606908925791,
-62.8422491409879,
-62.9230486970228,
-63.0031035460962,
-63.0824272904482,
-63.1610331630169,
-63.2389340406874,
-63.3161424569521,
-63.3926706140132,
-63.468530394356,
-63.5437333718221,
-63.618290822207,
-63.6922137334062,
-63.7655128151344,
-63.8381985082363,
-63.9102809936128,
-63.9817702007787,
-64.0526758160717,
-64.1230072905285,
-64.1927738474449,
-64.261984489635,
-64.3306480064029,
-64.3987729802411,
-64.4663677932687,
-64.5334406334205,
-64.599999500399,
-64.6660522114007,
-64.7316064066254,
-64.7966695545799,
-64.8612489571839,
-64.9253517546881,
-64.9889849304119,
-65.0521553153085,
-65.1148695923656,
-65.1771343008485,
-65.2389558403914,
-65.3003404749449,
-65.361294336585,
-65.4218234291888,
-65.4819336319832,
-65.5416307029725,
-65.6009202822473,
-65.6598078951829,
-65.7182989555292,
-65.7763987683974,
-65.8341125331471,
-65.8914453461792,
-65.9484022036357,
-66.004988004013,
-66.0612075506896,
-66.117065554373,
-66.1725666354684,
-66.2277153263722,
-66.2825160736928,
-66.3369732404022,
-66.3910911079207,
-66.4448738781364,
-66.4983256753629,
-66.5514505482377,
-66.6042524715619,
-66.6567353480848,
-66.7089030102354,
-66.760759221801,
-66.8123076795572,
-66.8635520148492,
-66.9144957951268,
-66.9651425254347,
-67.0154956498597,
-67.0655585529357,
-67.1153345610096,
-67.1648269435667,
-67.2140389145199,
-67.2629736334616,
-67.3116342068816,
-67.3600236893499,
-67.4081450846674,
-67.4560013469852,
-67.5035953818923,
-67.5509300474745,
-67.598008155344,
-67.6448324716421,
-67.6914057180137,
-67.7377305725574,
-67.7838096707486,
-67.8296456063403,
-67.8752409322383,
-67.9205981613548,
-67.9657197674392,
-68.0106081858883,
-68.0552658145341,
-68.0996950144133,
-68.1438981105156,
-68.1878773925144,
-68.2316351154779,
-68.2751735005634,
-68.3184947356935,
-68.3616009762162,
-68.404494345548,
-68.4471769358017,
-68.4896508083988,
-68.5319179946668,
-68.5739804964221,
-68.615840286539,
-68.6574993095048,
-68.6989594819621,
-68.7402226932376,
-68.7812908058588,
-68.8221656560585,
-68.8628490542676,
-68.9033427855959,
-68.9436486103024,
-68.9837682642543,
-69.0237034593758,
-69.0634558840861,
-69.1030272037279,
-69.142419060986,
-69.1816330762965,
-69.220670848247,
-69.259533953967,
-69.298223949511,
-69.3367423702318,
-69.3750907311462,
-69.4132705272928,
-69.4512832340815,
-69.4891303076356,
-69.5268131851266,
-69.5643332851017,
-69.6016920078041,
-69.6388907354866,
-69.6759308327185,
-69.7128136466859,
-69.7495405074858,
-69.786112728414,
-69.8225316062465,
-69.8587984215159,
-69.8949144387811,
-69.9308809068924,
-69.96669905925,
-70.0023701140583,
-70.0378952745744,
-70.0732757293513,
-70.1085126524771,
-70.1436072038081,
-70.1785605291985,
-70.2133737607245,
-70.2480480169045,
-70.2825844029146,
-70.3169840108001,
-70.3512479196825,
-70.3853771959628,
-70.4193728935207,
-70.4532360539096,
-70.4869677065484,
-70.5205688689088,
-70.5540405467001,
-70.5873837340494,
-70.6205994136787,
-70.6536885570789,
-70.6866521246804,
-70.7194910660199,
-70.7522063199051,
-70.7847988145753,
-70.8172694678595,
-70.8496191873319,
-70.8818488704635,
-70.9139594047719,
-70.9459516679677,
-70.9778265280989,
-71.0095848436915,
-71.041227463889,
-71.0727552285881,
-71.1041689685727,
-71.1354695056453,
-71.1666576527557,
-71.1977342141281,
-71.2286999853853,
-71.259555753671,
-71.2903022977696,
-71.3209403882245,
-71.3514707874539,
-71.3818942498646,
-71.4122115219636,
-71.4424233424684,
-71.4725304424147,
-71.5025335452629,
-71.5324333670019,
-71.5622306162521,
-71.5919259943659,
-71.6215201955269,
-71.651013906847,
-71.6804078084625,
-71.709702573628,
-71.7388988688088,
-71.7679973537723,
-71.796998681677,
-71.8259034991606,
-71.8547124464268,
-71.8834261573299,
-71.9120452594588,
-71.9405703742194,
-71.9690021169154,
-71.9973410968275,
-72.0255879172926,
-72.0537431757804,
-72.0818074639692,
-72.1097813678205,
-72.1376654676526,
-72.1654603382127,
-72.193166548748,
-72.2207846630758,
-72.2483152396518,
-72.2757588316388,
-72.3031159869724,
-72.3303872484274,
-72.3575731536819,
-72.3846742353812,
-72.4116910212004,
-72.4386240339058,
-72.465473791416,
-72.4922408068612,
-72.5189255886425,
-72.5455286404895,
-72.5720504615173,
-72.5984915462832,
-72.6248523848415,
-72.6511334627981,
-72.6773352613645,
-72.7034582574102,
-72.729502923515,
-72.7554697280206,
-72.7813591350806,
-72.8071716047105,
-72.8329075928369,
-72.8585675513454,
-72.8841519281288,
-72.9096611671337,
-72.9350957084064,
-72.9604559881392,
-72.9857424387144,
-73.0109554887492,
-73.0360955631393,
-73.0611630831012,
-73.0861584662154,
-73.1110821264674,
-73.1359344742893,
-73.1607159166002,
-73.1854268568464,
-73.2100676950402,
-73.2346388277995,
-73.2591406483856,
-73.2835735467413,
-73.3079379095276,
-73.3322341201612,
-73.3564625588501,
-73.3806236026295,
-73.4047176253969,
-73.4287449979471,
-73.452706088006,
-73.4766012602649,
-73.5004308764132,
-73.524195295172,
-73.5478948723255,
-73.5715299607541,
-73.595100910465,
-73.6186080686236,
-73.6420517795847,
-73.6654323849217,
-73.6887502234575,
-73.7120056312934,
-73.7351989418381,
-73.758330485837,
-73.7814005913996,
-73.8044095840283,
-73.8273577866452,
-73.8502455196199,
-73.8730731007961,
-73.8958408455179,
-73.9185490666562,
-73.9411980746344,
-73.9637881774538,
-73.9863196807188,
-74.008792887662,
-74.0312080991679,
-74.0535656137979,
-74.0758657278137,
-74.0981087352011,
-74.1202949276929,
-74.1424245947923,
-74.1644980237952,
-74.1865154998129,
-74.208477305794,
-74.230383722546,
-74.2522350287575,
-74.2740315010187,
-74.295773413843,
-74.3174610396874,
-74.3390946489731,
-74.3606745101059,
-74.3822008894959,
-74.4036740515771,
-74.4250942588276,
-74.4464617717881,
-74.4677768490813,
-74.4890397474306,
-74.5102507216784,
-74.5314100248051,
-74.5525179079464,
-74.5735746204118,
-74.5945804097017,
-74.6155355215256,
-74.6364401998186,
-74.6572946867589,
-74.6780992227845,
-74.6988540466097,
-74.7195593952418,
-74.7402155039971,
-74.7608226065172,
-74.7813809347846,
-74.8018907191384,
-74.82235218829,
-74.8427655693381,
-74.8631310877842,
-74.8834489675472,
-74.9037194309782,
-74.9239426988755,
-74.9441189904984,
-74.964248523582,
-74.9843315143511,
-75.004368177534,
-75.0243587263765,
-75.0443033726555,
-75.0642023266922,
-75.0840557973657,
-75.1038639921262,
-75.1236271170075,
-75.1433453766405,
-75.1630189742656,
-75.1826481117451,
-75.2022329895762,
-75.2217738069024,
-75.2412707615266,
-75.2607240499225,
-75.2801338672466,
-75.2995004073502,
-75.3188238627906,
-75.338104424843,
-75.3573422835114,
-75.3765376275404,
-75.3956906444258,
-75.414801520426,
-75.4338704405724,
-75.4528975886807,
-75.4718831473611,
-75.490827298029,
-75.5097302209152,
-75.5285920950767,
-75.5474130984063,
-75.5661934076428,
-75.5849331983814,
-75.6036326450828,
-75.6222919210837,
-75.640911198606,
-75.6594906487662,
-75.6780304415854,
-75.6965307459981,
-75.7149917298617,
-75.7334135599655,
-75.75179640204,
-75.7701404207654,
-75.7884457797811,
-75.8067126416936,
-75.824941168086,
-75.8431315195261,
-75.861283855575,
-75.8793983347955,
-75.8974751147604,
-75.9155143520607,
-75.933516202314,
-75.951480820172,
-75.969408359329,
-75.9872989725296,
-76.0051528115764,
-76.0229700273379,
-76.0407507697562,
-76.058495187854,
-76.0762034297431,
-76.093875642631,
-76.1115119728284,
-76.1291125657567,
-76.1466775659551,
-76.1642071170877,
-76.1817013619504,
-76.1991604424781,
-76.2165844997516,
-76.2339736740041,
-76.2513281046287,
-76.2686479301841,
-76.2859332884023,
-76.3031843161943,
-76.320401149657,
-76.3375839240797,
-76.3547327739505,
-76.3718478329621,
-76.3889292340189,
-76.4059771092425,
-76.422991589978,
-76.4399728068004,
-76.4569208895201,
-76.4738359671893,
-76.4907181681076,
-76.507567619828,
-76.5243844491626,
-76.5411687821884,
-76.5579207442529,
-76.5746404599797,
-76.5913280532742,
-76.607983647329,
-76.6246073646292,
-76.6411993269583,
-76.6577596554029,
-76.6742884703585,
-76.6907858915347,
-76.70725203796,
-76.7236870279875,
-76.7400909792995,
-76.7564640089131,
-76.7728062331847,
-76.7891177678152,
-76.8053987278549,
-76.8216492277083,
-76.8378693811391,
-76.8540593012749,
-76.8702191006115,
-76.8863488910185,
-76.9024487837431,
-76.9185188894151,
-76.9345593180515,
-76.9505701790607,
-76.9665515812473,
-76.9825036328166,
-76.9984264413785,
-77.0143201139524,
-77.0301847569711,
-77.0460204762856,
-77.0618273771686,
-77.0776055643194,
-77.0933551418677,
-77.1090762133777,
-77.1247688818523,
-77.1404332497373,
-77.1560694189249,
-77.1716774907583,
-77.1872575660353,
-77.2028097450122,
-77.2183341274078,
-77.233830812407,
-77.249299898665,
-77.2647414843107,
-77.2801556669506,
-77.2955425436725,
-77.3109022110492,
-77.3262347651419,
-77.3415403015041,
-77.3568189151852,
-77.3720707007336,
-77.3872957522007,
-77.4024941631442,
-77.4176660266316,
-77.4328114352432,
-77.4479304810764,
-77.463023255748,
-77.4780898503984,
-77.4931303556943,
-77.5081448618325,
-77.5231334585425,
-77.5380962350904,
-77.5530332802815,
-77.567944682464,
-77.5828305295317,
-77.5976909089273,
-77.6125259076456,
-77.627335612236,
-77.6421201088065,
-77.6568794830258,
-77.6716138201266,
-77.6863232049089,
-77.7010077217421,
-77.715667454569,
-77.7303024869076,
-77.7449129018547,
-77.7594987820885,
-77.7740602098711,
-77.788597267052,
-77.80311003507,
-77.8175985949566,
-77.8320630273385,
-77.8465034124402,
-77.8609198300868,
-77.8753123597064,
-77.8896810803331,
-77.9040260706095,
-77.9183474087889,
-77.9326451727384,
-77.9469194399413,
-77.9611702874991,
-77.9753977921348,
-77.989602030195,
-78.003783077652,
-78.0179410101071,
-78.0320759027921,
-78.0461878305723,
-78.0602768679486,
-78.0743430890601,
-78.0883865676861,
-78.1024073772488,
-78.1164055908154,
-78.1303812811001,
-78.1443345204671,
-78.1582653809322,
-78.1721739341653,
-78.1860602514923,
-78.1999244038981,
-78.2137664620277,
-78.2275864961891,
-78.2413845763554,
-78.2551607721664,
-78.2689151529314,
-78.2826477876309,
-78.2963587449184,
-78.3100480931233,
-78.323715900252,
-78.3373622339907,
-78.350987161707,
-78.3645907504518,
-78.3781730669615,
-78.3917341776601,
-78.4052741486608,
-78.4187930457682,
-78.43229093448,
-78.4457678799891,
-78.4592239471854,
-78.4726592006578,
-78.4860737046956,
-78.4994675232911,
-78.5128407201408,
-78.5261933586476,
-78.5395255019222,
-78.5528372127852,
-78.5661285537691,
-78.5793995871194,
-78.5926503747969,
-78.6058809784794,
-78.6190914595629,
-78.6322818791639,
-78.6454522981211,
-78.6586027769966,
-78.6717333760777,
-78.6848441553792,
-78.6979351746441,
-78.7110064933458,
-78.7240581706898,
-78.7370902656147,
-78.7501028367947,
-78.7630959426402,
-78.7760696413003,
-78.7890239906636,
-78.8019590483603,
-78.8148748717633,
-78.8277715179901,
-78.8406490439043,
-78.8535075061165,
-78.8663469609866,
-78.879167464625,
-78.8919690728938,
-78.9047518414085,
-78.9175158255394,
-78.9302610804133,
-78.9429876609144,
-78.9556956216861,
-78.9683850171323,
-78.9810559014188,
-78.9937083284748,
-79.006342351994,
-79.0189580254363,
-79.0315554020289,
-79.0441345347677,
-79.0566954764189,
-79.0692382795199,
-79.0817629963808,
-79.094269679086,
-79.106758379495,
-79.1192291492439,
-79.131682039747,
-79.1441171021974,
-79.1565343875689,
-79.1689339466169,
-79.1813158298799,
-79.1936800876802,
-79.206026770126,
-79.2183559271117,
-79.2306676083198,
-79.2429618632217,
-79.2552387410791,
-79.2674982909451,
-79.2797405616652,
-79.2919656018791,
-79.3041734600209,
-79.3163641843211,
-79.3285378228072,
-79.3406944233054,
-79.3528340334409,
-79.3649567006398,
-79.3770624721298,
-79.3891513949414,
-79.4012235159091,
-79.4132788816723,
-79.4253175386765,
-79.4373395331744,
-79.4493449112267,
-79.4613337187036,
-79.4733060012856,
-79.4852618044645,
-79.4972011735445,
-79.5091241536432,
-79.5210307896929,
-79.532921126441,
-79.5447952084516,
-79.5566530801063,
-79.5684947856052,
-79.5803203689677,
-79.5921298740337,
-79.6039233444648,
-79.6157008237446,
-79.6274623551803,
-79.6392079819033,
-79.6509377468703,
-79.6626516928643,
-79.6743498624953,
-79.6860322982013,
-79.6976990422496,
-79.7093501367371,
-79.7209856235917,
-79.732605544573,
-79.7442099412731,
-79.7557988551178,
-79.7673723273671,
-79.7789303991166,
-79.7904731112978,
-79.8020005046792,
-79.8135126198675,
-79.8250094973079,
-79.8364911772852,
-79.8479576999248,
-79.8594091051934,
-79.8708454328996,
-79.8822667226952,
-79.8936730140758,
-79.9050643463814,
-79.9164407587976,
-79.9278022903561,
-79.9391489799358,
-79.9504808662634,
-79.961797987914,
-79.9731003833124,
-79.9843880907334,
-79.9956611483029,
-80.0069195939985,
-80.0181634656502,
-80.0293928009416,
-80.04060763741,
-80.0518080124475,
-80.062993963302,
-80.0741655270775,
-80.085322740735,
-80.0964656410934,
-80.1075942648298,
-80.1187086484807,
-80.1298088284426,
-80.1408948409725,
-80.1519667221888,
-80.1630245080719,
-80.174068234465,
-80.1850979370749,
-80.1961136514722,
-80.2071154130926,
-80.2181032572373,
-80.2290772190736,
-80.2400373336358,
-80.2509836358257,
-80.2619161604132,
-80.2728349420371,
-80.283740015206,
-80.2946314142983,
-80.3055091735636,
-80.3163733271226,
-80.3272239089685,
-80.338060952967,
-80.3488844928574,
-80.3596945622528,
-80.3704911946411,
-80.3812744233856,
-80.3920442817252,
-80.4028008027755,
-80.4135440195292,
-80.4242739648567,
-80.4349906715069,
-80.4456941721073,
-80.4563844991651,
-80.4670616850678,
-80.4777257620833,
-80.488376762361,
-80.4990147179321,
-80.5096396607102,
-80.5202516224921,
-80.5308506349581,
-80.5414367296726,
-80.5520099380848,
-80.5625702915291,
-80.5731178212261,
-80.5836525582822,
-80.5941745336914,
-80.6046837783347,
-80.6151803229814,
-80.6256641982892,
-80.6361354348052,
-80.646594062966,
-80.6570401130982,
-80.6674736154195,
-80.6778946000385,
-80.6883030969558,
-80.6986991360641,
-80.7090827471489,
-80.7194539598893,
-80.7298128038578,
-80.7401593085214,
-80.750493503242,
-80.7608154172767,
-80.7711250797786,
-80.7814225197969,
-80.7917077662776,
-80.8019808480642,
-80.8122417938979,
-80.822490632418,
-80.8327273921628,
-80.8429521015696,
-80.8531647889755,
-80.8633654826178,
-80.8735542106342,
-80.8837310010638,
-80.8938958818472,
-80.9040488808268,
-80.9141900257477,
-80.9243193442579,
-80.9344368639086,
-80.9445426121551,
-80.9546366163568,
-80.964718903778,
-80.9747895015879,
-80.9848484368616,
-80.99489573658,
-81.0049314276307,
-81.014955536808,
-81.0249680908136,
-81.0349691162571,
-81.0449586396561,
-81.054936687437,
-81.0649032859351,
-81.0748584613951,
-81.0848022399718,
-81.09473464773,
-81.1046557106454,
-81.1145654546046,
-81.1244639054058,
-81.1343510887592,
-81.1442270302871,
-81.1540917555247,
-81.1639452899201,
-81.1737876588351,
-81.1836188875452,
-81.1934390012403,
-81.2032480250248,
-81.2130459839183,
-81.2228329028558,
-81.232608806688,
-81.242373720182,
-81.2521276680212,
-81.2618706748062,
-81.2716027650547,
-81.2813239632021,
-81.291034293602,
-81.3007337805263,
-81.3104224481656,
-81.3201003206298,
-81.3297674219483,
-81.3394237760702,
-81.349069406865,
-81.3587043381226,
-81.3683285935539,
-81.377942196791,
-81.3875451713878,
-81.39713754082,
-81.4067193284857,
-81.4162905577054,
-81.4258512517231,
-81.4354014337056,
-81.4449411267437,
-81.4544703538521,
-81.4639891379697,
-81.4734975019604,
-81.4829954686127,
-81.4924830606408,
-81.5019603006842,
-81.5114272113086,
-81.520883815006,
-81.5303301341949,
-81.5397661912207,
-81.5491920083563,
-81.558607607802,
-81.5680130116859,
-81.5774082420644,
-81.5867933209224,
-81.5961682701737,
-81.605533111661,
-81.6148878671566,
-81.6242325583625,
-81.6335672069106,
-81.6428918343634,
-81.6522064622138,
-81.6615111118856,
-81.6708058047341,
-81.6800905620459,
-81.6893654050393,
-81.698630354865,
-81.707885432606,
-81.7171306592777,
-81.7263660558289,
-81.7355916431413,
-81.7448074420303,
-81.7540134732451,
-81.763209757469,
-81.7723963153196,
-81.7815731673492,
-81.7907403340451,
-81.7998978358296,
-81.8090456930607,
-81.818183926032,
-81.8273125549732,
-81.8364316000503,
-81.8455410813657,
-81.8546410189587,
-81.8637314328057,
-81.8728123428206,
-81.8818837688546,
-81.890945730697,
-81.8999982480751,
-81.9090413406546,
-81.91807502804,
-81.9270993297744,
-81.9361142653404,
-81.9451198541596,
-81.9541161155936,
-81.9631030689438,
-81.9720807334516,
-81.9810491282991,
-81.9900082726086,
-81.9989581854438,
-82.0078988858092,
-82.0168303926508,
-82.0257527248561,
-82.0346659012545,
-82.0435699406176,
-82.0524648616592,
-82.0613506830358,
-82.0702274233465,
-82.0790951011336,
-82.0879537348827,
-82.0968033430227,
-82.1056439439265,
-82.1144755559106,
-82.123298197236,
-82.132111886108,
-82.1409166406765,
-82.1497124790363,
-82.1584994192273,
-82.1672774792348,
-82.1760466769893,
-82.1848070303673,
-82.1935585571914,
-82.20230127523,
-82.2110352021983,
-82.2197603557577,
-82.2284767535169,
-82.2371844130312,
-82.2458833518034,
-82.2545735872837,
-82.2632551368701,
-82.2719280179083,
-82.2805922476921,
-82.2892478434638,
-82.2978948224139,
-82.3065332016819,
-82.3151629983561,
-82.3237842294739,
-82.332396912022,
-82.3410010629366,
-82.3495966991038,
-82.3581838373594,
-82.3667624944894,
-82.3753326872301,
-82.3838944322684,
-82.3924477462418,
-82.4009926457386,
-82.4095291472985,
-82.4180572674123,
-82.4265770225221,
-82.4350884290219,
-82.4435915032576,
-82.4520862615269,
-82.46057272008,
-82.4690508951192,
-82.4775208027997,
-82.4859824592293,
-82.4944358804689,
-82.5028810825324,
-82.5113180813872,
-82.5197468929541,
-82.5281675331076,
-82.5365800176762,
-82.5449843624422,
-82.5533805831425,
-82.561768695468,
-82.5701487150646,
-82.5785206575325,
-82.5868845384273,
-82.5952403732594,
-82.6035881774945,
-82.6119279665539,
-82.6202597558144,
-82.6285835606086,
-82.6368993962252,
-82.6452072779088,
-82.6535072208606,
-82.6617992402379,
-82.6700833511549,
-82.6783595686825,
-82.6866279078486,
-82.6948883836382,
-82.7031410109935,
-82.7113858048143,
-82.719622779958,
-82.7278519512396,
-82.7360733334323,
-82.7442869412671,
-82.7524927894334,
-82.7606908925791,
-82.7688812653106,
-82.7770639221927,
-82.7852388777497,
-82.7934061464643,
-82.8015657427789,
-82.8097176810948,
-82.8178619757732,
-82.8259986411345,
-82.8341276914593,
-82.8422491409879,
-82.8503630039209,
-82.8584692944188,
-82.8665680266028,
-82.8746592145545,
-82.8827428723162,
-82.8908190138912,
-82.8988876532434,
-82.9069488042981,
-82.915002480942,
-82.9230486970227,
-82.93108746635,
-82.9391188026948,
-82.9471427197901,
-82.9551592313311,
-82.9631683509747,
-82.9711700923403,
-82.9791644690096,
-82.987151494527,
-82.9951311823992,
-83.0031035460962,
-83.0110685990506,
-83.0190263546581,
-83.0269768262778,
-83.034920027232,
-83.0428559708065,
-83.0507846702507,
-83.058706138778,
-83.0666203895652,
-83.0745274357536,
-83.0824272904482,
-83.0903199667188,
-83.0982054775991,
-83.1060838360876,
-83.1139550551474,
-83.1218191477063,
-83.1296761266573,
-83.1375260048582,
-83.145368795132,
-83.153204510267,
-83.1610331630169,
-83.1688547661011,
-83.1766693322045,
-83.1844768739779,
-83.192277404038,
-83.2000709349673,
-83.2078574793149,
-83.2156370495959,
-83.2234096582918,
-83.2311753178507,
-83.2389340406874,
-83.2466858391832,
-83.2544307256866,
-83.2621687125129,
-83.2698998119446,
-83.2776240362314,
-83.2853413975903,
-83.2930519082059,
-83.3007555802302,
-83.3084524257831,
-83.3161424569521,
-83.3238256857929,
-83.3315021243288,
-83.3391717845517,
-83.3468346784215,
-83.3544908178666,
-83.3621402147837,
-83.3697828810384,
-83.3774188284648,
-83.3850480688658,
-83.3926706140132,
-83.400286475648,
-83.4078956654803,
-83.4154981951894,
-83.4230940764239,
-83.4306833208019,
-83.4382659399112,
-83.4458419453091,
-83.4534113485228,
-83.4609741610494,
-83.468530394356,
-83.4760800598796,
-83.4836231690276,
-83.4911597331777,
-83.498689763678,
-83.506213271847,
-83.513730268974,
-83.5212407663187,
-83.5287447751121,
-83.5362423065557,
-83.5437333718221,
-83.5512179820552,
-83.55869614837,
-83.5661678818527,
-83.5736331935611,
-83.5810920945245,
-83.5885445957437,
-83.5959907081912,
-83.6034304428114,
-83.6108638105205,
-83.618290822207,
-83.625711488731,
-83.6331258209252,
-83.6405338295943,
-83.6479355255157,
-83.6553309194388,
-83.6627200220861,
-83.6701028441524,
-83.6774793963054,
-83.6848496891855,
-83.6922137334063,
-83.699571539554,
-83.7069231181885,
-83.7142684798424,
-83.7216076350218,
-83.7289405942062,
-83.7362673678486,
-83.7435879663756,
-83.7509024001872,
-83.7582106796576,
-83.7655128151344,
-83.7728088169393,
-83.7800986953681,
-83.7873824606906,
-83.7946601231507,
-83.8019316929669,
-83.8091971803316,
-83.816456595412,
-83.8237099483496,
-83.8309572492607,
-83.8381985082362,
-83.8454337353419,
-83.8526629406182,
-83.8598861340806,
-83.8671033257199,
-83.8743145255015,
-83.8815197433664,
-83.8887189892307,
-83.895912272986,
-83.9030996044992,
-83.9102809936128,
-83.9174564501448,
-83.9246259838891,
-83.9317896046152,
-83.9389473220685,
-83.9460991459704,
-83.9532450860181,
-83.960385151885,
-83.9675193532209,
-83.9746476996514,
-83.9817702007787,
-83.9888868661814,
-83.9959977054145,
-84.0031027280095,
-84.0102019434746,
-84.0172953612948,
-84.0243829909317,
-84.0314648418238,
-84.0385409233867,
-84.0456112450128,
-84.0526758160717,
-84.0597346459101,
-84.0667877438519,
-84.0738351191984,
-84.0808767812282,
-84.0879127391974,
-84.0949430023397,
-84.1019675798662,
-84.1089864809657,
-84.115999714805,
-84.1230072905285,
-84.1300092172583,
-84.137005504095,
-84.1439961601166,
-84.1509811943797,
-84.1579606159188,
-84.1649344337468,
-84.1719026568546,
-84.1788652942119,
-84.1858223547665,
-84.1927738474449,
-84.1997197811521,
-84.206660164772,
-84.2135950071667,
-84.2205243171777,
-84.2274481036249,
-84.2343663753073,
-84.2412791410029,
-84.2481864094687,
-84.255088189441,
-84.261984489635,
-84.2688753187454,
-84.2757606854461,
-84.2826405983904,
-84.2895150662111,
-84.2963840975205,
-84.3032477009105,
-84.3101058849526,
-84.316958658198,
-84.3238060291778,
-84.3306480064029,
-84.3374845983639,
-84.3443158135317,
-84.3511416603569,
-84.3579621472704,
-84.3647772826832,
-84.3715870749866,
-84.378391532552,
-84.3851906637314,
-84.3919844768568,
-84.3987729802411,
-84.4055561821775,
-84.4123340909397,
-84.4191067147823,
-84.4258740619404,
-84.43263614063,
-84.4393929590478,
-84.4461445253715,
-84.4528908477596,
-84.4596319343518,
-84.4663677932687,
-84.4730984326121,
-84.479823860465,
-84.4865440848916,
-84.4932591139374,
-84.4999689556292,
-84.5066736179752,
-84.5133731089653,
-84.5200674365707,
-84.5267566087443,
-84.5334406334205,
-84.5401195185155,
-84.5467932719272,
-84.5534619015354,
-84.5601254152018,
-84.5667838207697,
-84.5734371260648,
-84.5800853388946,
-84.5867284670487,
-84.5933665182989,
-84.599999500399,
-84.6066274210854,
-84.6132502880766,
-84.6198681090733,
-84.626480891759,
-84.6330886437993,
-84.6396913728425,
-84.6462890865194,
-84.6528817924436,
-84.659469498211,
-84.6660522114007,
-84.6726299395743,
-84.6792026902762,
-84.6857704710338,
-84.6923332893574,
-84.6988911527403,
-84.7054440686588,
-84.7119920445725,
-84.7185350879237,
-84.7250732061384,
-84.7316064066255,
-84.7381346967772,
-84.7446580839694,
-84.7511765755609,
-84.7576901788944,
-84.7641989012956,
-84.7707027500743,
-84.7772017325234,
-84.7836958559198,
-84.7901851275239,
-84.7966695545799,
-84.8031491443157,
-84.8096239039432,
-84.8160938406581,
-84.8225589616399,
-84.8290192740523,
-84.8354747850429,
-84.8419255017435,
-84.8483714312698,
-84.8548125807218,
-84.8612489571839,
-84.8676805677244,
-84.8741074193961,
-84.8805295192362,
-84.8869468742663,
-84.8933594914922,
-84.8997673779046,
-84.9061705404785,
-84.9125689861734,
-84.9189627219336,
-84.9253517546881,
-84.9317360913504,
-84.9381157388191,
-84.9444907039772,
-84.9508609936929,
-84.9572266148192,
-84.963587574194,
-84.9699438786402,
-84.9762955349657,
-84.9826425499635,
-84.9889849304119,
-84.995322683074,
-85.0016558146984,
-85.0079843320188,
-85.0143082417544,
-85.0206275506094,
-85.0269422652736,
-85.0332523924222,
-85.0395579387159,
-85.0458589108007,
-85.0521553153085,
-85.0584471588564,
-85.0647344480473,
-85.07101718947,
-85.0772953896985,
-85.0835690552931,
-85.0898381927995,
-85.0961028087494,
-85.1023629096605,
-85.1086185020361,
-85.1148695923656,
-85.1211161871247,
-85.1273582927746,
-85.133595915763,
-85.1398290625236,
-85.1460577394761,
-85.1522819530266,
-85.1585017095674,
-85.164717015477,
-85.1709278771203,
-85.1771343008485,
-85.1833362929992,
-85.1895338598965,
-85.1957270078509,
-85.2019157431595,
-85.2081000721057,
-85.2142800009598,
-85.2204555359787,
-85.2266266834056,
-85.2327934494709,
-85.2389558403914,
-85.2451138623707,
-85.2512675215994,
-85.2574168242549,
-85.2635617765014,
-85.2697023844899,
-85.2758386543587,
-85.281970592233,
-85.2880982042247,
-85.2942214964332,
-85.3003404749449,
-85.3064551458331,
-85.3125655151587,
-85.3186715889694,
-85.3247733733005,
-85.3308708741743,
-85.3369640976007,
-85.3430530495767,
-85.3491377360869,
-85.3552181631031,
-85.361294336585,
-85.3673662624793,
-85.3734339467205,
-85.3794973952306,
-85.3855566139194,
-85.391611608684,
-85.3976623854094,
-85.4037089499683,
-85.409751308221,
-85.4157894660158,
-85.4218234291887,
-85.4278532035635,
-85.4338787949519,
-85.4399002091536,
-85.4459174519561,
-85.4519305291351,
-85.457939446454,
-85.4639442096645,
-85.4699448245063,
-85.4759412967072,
-85.4819336319832,
-85.4879218360385,
-85.4939059145652,
-85.4998858732442,
-85.5058617177441,
-85.5118334537223,
-85.5178010868241,
-85.5237646226835,
-85.5297240669229,
-85.5356794251528,
-85.5416307029725,
-85.5475779059697,
-85.5535210397206,
-85.55946010979,
-85.5653951217312,
-85.5713260810863,
-85.5772529933859,
-85.5831758641494,
-85.5890946988848,
-85.5950095030889,
-85.6009202822473,
-85.6068270418344,
-85.6127297873134,
-85.6186285241364,
-85.6245232577444,
-85.6304139935674,
-85.6363007370242,
-85.6421834935227,
-85.6480622684599,
-85.6539370672216,
-85.6598078951829,
-85.6656747577079,
-85.6715376601499,
-85.6773966078514,
-85.6832516061439,
-85.6891026603484,
-85.6949497757749,
-85.7007929577228,
-85.7066322114809,
-85.7124675423273,
-85.7182989555292,
-85.7241264563436,
-85.7299500500167,
-85.7357697417843,
-85.7415855368713,
-85.7473974404927,
-85.7532054578526,
-85.7590095941448,
-85.7648098545527,
-85.7706062442493,
-85.7763987683974,
-85.7821874321492,
-85.7879722406467,
-85.7937531990219,
-85.7995303123962,
-85.805303585881,
-85.8110730245774,
-85.8168386335764,
-85.8226004179589,
-85.8283583827955,
-85.8341125331471,
-85.8398628740643,
-85.8456094105875,
-85.8513521477475,
-85.8570910905648,
-85.8628262440502,
-85.8685576132044,
-85.8742852030183,
-85.880009018473,
-85.8857290645395,
-85.8914453461792,
-85.8971578683437,
-85.9028666359748,
-85.9085716540046,
-85.9142729273554,
-85.9199704609398,
-85.925664259661,
-85.9313543284122,
-85.9370406720772,
-85.9427232955301,
-85.9484022036357,
-85.954077401249,
-85.9597488932154,
-85.9654166843712,
-85.971080779543,
-85.9767411835479,
-85.9823979011936,
-85.9880509372787,
-85.993700296592,
-85.9993459839133,
-86.004988004013,
-86.0106263616521,
-86.0162610615825,
-86.0218921085467,
-86.0275195072781,
-86.0331432625008,
-86.0387633789299,
-86.0443798612711,
-86.0499927142212,
-86.0556019424679,
-86.0612075506896,
-86.0668095435558,
-86.0724079257271,
-86.0780027018549,
-86.0835938765817,
-86.0891814545409,
-86.0947654403572,
-86.1003458386461,
-86.1059226540147,
-86.1114958910606,
-86.117065554373,
-86.1226316485321,
-86.1281941781094,
-86.1337531476675,
-86.1393085617603,
-86.1448604249331,
-86.1504087417222,
-86.1559535166555,
-86.1614947542521,
-86.1670324590225,
-86.1725666354684,
-86.1780972880832,
-86.1836244213515,
-86.1891480397495,
-86.1946681477447,
-86.2001847497961,
-86.2056978503545,
-86.2112074538618,
-86.2167135647518,
-86.2222161874496,
-86.2277153263722,
-86.2332109859279,
-86.2387031705169,
-86.2441918845309,
-86.2496771323532,
-86.2551589183592,
-86.2606372469154,
-86.2661121223807,
-86.2715835491053,
-86.2770515314313,
-86.2825160736928,
-86.2879771802154,
-86.2934348553167,
-86.2988891033064,
-86.3043399284856,
-86.3097873351478,
-86.315231327578,
-86.3206719100534,
-86.3261090868432,
-86.3315428622084,
-86.3369732404022,
-86.3424002256697,
-86.3478238222481,
-86.3532440343666,
-86.3586608662466,
-86.3640743221016,
-86.369484406137,
-86.3748911225506,
-86.3802944755324,
-86.3856944692643,
-86.3910911079207,
-86.3964843956681,
-86.4018743366652,
-86.407260935063,
-86.4126441950048,
-86.4180241206262,
-86.4234007160551,
-86.4287739854118,
-86.4341439328088,
-86.4395105623512,
-86.4448738781364,
-86.450233884254,
-86.4555905847865,
-86.4609439838084,
-86.4662940853869,
-86.4716408935816,
-86.4769844124447,
-86.4823246460209,
-86.4876615983474,
-86.4929952734539,
-86.4983256753629,
-86.5036528080893,
-86.5089766756406,
-86.5142972820171,
-86.5196146312117,
-86.5249287272098,
-86.5302395739898,
-86.5355471755226,
-86.5408515357717,
-86.5461526586937,
-86.5514505482377,
-86.5567452083456,
-86.5620366429522,
-86.567324855985,
-86.5726098513644,
-86.5778916330036,
-86.5831702048088,
-86.5884455706788,
-86.5937177345057,
-86.5989867001741,
-86.6042524715619,
-86.6095150525396,
-86.614774446971,
-86.6200306587127,
-86.6252836916143,
-86.6305335495185,
-86.635780236261,
-86.6410237556705,
-86.6462641115689,
-86.651501307771,
-86.6567353480848,
-86.6619662363116,
-86.6671939762456,
-86.6724185716741,
-86.6776400263779,
-86.6828583441305,
-86.6880735286991,
-86.6932855838438,
-86.6984945133181,
-86.7037003208687,
-86.7089030102354,
-86.7141025851516,
-86.7192990493437,
-86.7244924065316,
-86.7296826604286,
-86.734869814741,
-86.7400538731689,
-86.7452348394055,
-86.7504127171374,
-86.7555875100447,
-86.760759221801,
-86.7659278560732,
-86.7710934165216,
-86.7762559068002,
-86.7814153305564,
-86.7865716914309,
-86.7917249930582,
-86.7968752390662,
-86.8020224330765,
-86.8071665787039,
-86.8123076795572,
-86.8174457392386,
-86.8225807613438,
-86.8277127494624,
-86.8328417071775,
-86.8379676380658,
-86.8430905456976,
-86.8482104336373,
-86.8533273054424,
-86.8584411646647,
-86.8635520148492,
-86.8686598595351,
-86.8737647022551,
-86.8788665465358,
-86.8839653958974,
-86.8890612538541,
-86.8941541239138,
-86.8992440095784,
-86.9043309143435,
-86.9094148416985,
-86.9144957951268,
-86.9195737781057,
-86.9246487941064,
-86.929720846594,
-86.9347899390273,
-86.9398560748595,
-86.9449192575375,
-86.9499794905021,
-86.9550367771882,
-86.9600911210248,
-86.9651425254347,
-86.9701909938349,
-86.9752365296365,
-86.9802791362443,
-86.9853188170576,
-86.9903555754696,
-86.9953894148676,
-87.0004203386329,
-87.0054483501412,
-87.0104734527622,
-87.0154956498597,
-87.0205149447916,
-87.0255313409103,
-87.0305448415621,
-87.0355554500876,
-87.0405631698216,
-87.0455680040932,
-87.0505699562257,
-87.0555690295367,
-87.060565227338,
-87.0655585529357,
-87.0705490096304,
-87.0755366007166,
-87.0805213294836,
-87.0855031992147,
-87.0904822131877,
-87.0954583746748,
-87.1004316869424,
-87.1054021532514,
-87.1103697768573,
-87.1153345610096,
-87.1202965089527,
-87.125255623925,
-87.1302119091596,
-87.1351653678842,
-87.1401160033206,
-87.1450638186854,
-87.1500088171896,
-87.1549510020388,
-87.159890376433,
-87.1648269435667,
-87.1697607066293,
-87.1746916688043,
-87.1796198332702,
-87.1845452031998,
-87.1894677817606,
-87.1943875721147,
-87.199304577419,
-87.2042188008248,
-87.2091302454782,
-87.2140389145199,
-87.2189448110852,
-87.2238479383044,
-87.2287482993021,
-87.2336458971979,
-87.238540735106,
-87.2434328161354,
-87.2483221433898,
-87.2532087199676,
-87.2580925489623,
-87.2629736334616,
-87.2678519765486,
-87.2727275813009,
-87.2776004507908,
-87.2824705880858,
-87.287337996248,
-87.2922026783343,
-87.2970646373966,
-87.3019238764817,
-87.3067803986312,
-87.3116342068816,
-87.3164853042644,
-87.3213336938059,
-87.3261793785274,
-87.3310223614452,
-87.3358626455705,
-87.3407002339095,
-87.3455351294632,
-87.3503673352279,
-87.3551968541948,
-87.3600236893499,
-87.3648478436744,
-87.3696693201446,
-87.3744881217318,
-87.3793042514022,
-87.3841177121173,
-87.3889285068335,
-87.3937366385024,
-87.3985421100706,
-87.40334492448,
-87.4081450846674,
-87.4129425935649,
-87.4177374540996,
-87.4225296691939,
-87.4273192417653,
-87.4321061747264,
-87.4368904709851,
-87.4416721334444,
-87.4464511650027,
-87.4512275685534,
-87.4560013469852,
-87.4607725031821,
-87.4655410400233,
-87.4703069603833,
-87.4750702671317,
-87.4798309631336,
-87.4845890512493,
-87.4893445343345,
-87.49409741524,
-87.4988476968121,
-87.5035953818923,
-87.5083404733177,
-87.5130829739204,
-87.5178228865281,
-87.5225602139638,
-87.5272949590459,
-87.5320271245882,
-87.5367567133999,
-87.5414837282856,
-87.5462081720453,
-87.5509300474745,
-87.555649357364,
-87.5603661045004,
-87.5650802916652,
-87.5697919216359,
-87.5745009971853,
-87.5792075210816,
-87.5839114960886,
-87.5886129249655,
-87.5933118104672,
-87.598008155344,
-87.6027019623418,
-87.6073932342021,
-87.6120819736617,
-87.6167681834533,
-87.621451866305,
-87.6261330249406,
-87.6308116620794,
-87.6354877804362,
-87.6401613827217,
-87.6448324716421,
-87.6495010498991,
-87.6541671201902,
-87.6588306852086,
-87.663491747643,
-87.6681503101779,
-87.6728063754934,
-87.6774599462653,
-87.6821110251652,
-87.6867596148604,
-87.6914057180137,
-87.6960493372839,
-87.7006904753255,
-87.7053291347885,
-87.7099653183189,
-87.7145990285585,
-87.7192302681447,
-87.7238590397107,
-87.7284853458856,
-87.7331091892943,
-87.7377305725573,
-87.7423494982913,
-87.7469659691085,
-87.751579987617,
-87.7561915564209,
-87.76080067812,
-87.7654073553099,
-87.7700115905824,
-87.7746133865248,
-87.7792127457204,
-87.7838096707486,
-87.7884041641845,
-87.7929962285992,
-87.7975858665597,
-87.8021730806288,
-87.8067578733656,
-87.8113402473247,
-87.815920205057,
-87.8204977491092,
-87.8250728820241,
-87.8296456063403,
-87.8342159245926,
-87.8387838393116,
-87.8433493530241,
-87.8479124682529,
-87.8524731875165,
-87.8570315133299,
-87.8615874482039,
-87.8661409946453,
-87.8706921551571,
-87.8752409322383,
-87.879787328384,
-87.8843313460854,
-87.8888729878297,
-87.8934122561002,
-87.8979491533766,
-87.9024836821343,
-87.907015844845,
-87.9115456439766,
-87.9160730819932,
-87.9205981613547,
-87.9251208845176,
-87.9296412539343,
-87.9341592720533,
-87.9386749413196,
-87.9431882641741,
-87.9476992430541,
-87.9522078803928,
-87.95671417862,
-87.9612181401614,
-87.9657197674392,
-87.9702190628716,
-87.9747160288732,
-87.9792106678548,
-87.9837029822234,
-87.9881929743823,
-87.9926806467312,
-87.997166001666,
-88.0016490415787,
-88.0061297688579,
-88.0106081858883,
-88.015084295051,
-88.0195580987235,
-88.0240295992794,
-88.0284987990889,
-88.0329657005183,
-88.0374303059304,
-88.0418926176844,
-88.0463526381357,
-88.0508103696362,
-88.0552658145341,
-88.0597189751741,
-88.0641698538972,
-88.0686184530408,
-88.0730647749388,
-88.0775088219215,
-88.0819505963154,
-88.0863901004438,
-88.0908273366261,
-88.0952623071785,
-88.0996950144133,
-88.1041254606394,
-88.1085536481623,
-88.1129795792839,
-88.1174032563024,
-88.1218246815127,
-88.1262438572061,
-88.1306607856705,
-88.1350754691902,
-88.1394879100461,
-88.1438981105156,
-88.1483060728726,
-88.1527117993876,
-88.1571152923276,
-88.1615165539561,
-88.1659155865333,
-88.1703123923159,
-88.1747069735572,
-88.179099332507,
-88.1834894714117,
-88.1878773925144,
-88.1922630980547,
-88.1966465902689,
-88.2010278713898,
-88.205406943647,
-88.2097838092664,
-88.214158470471,
-88.21853092948,
-88.2229011885096,
-88.2272692497725,
-88.2316351154779,
-88.2359987878319,
-88.2403602690373,
-88.2447195612935,
-88.2490766667965,
-88.2534315877391,
-88.2577843263108,
-88.2621348846978,
-88.266483265083,
-88.2708294696461,
-88.2751735005634,
-88.279515360008,
-88.2838550501497,
-88.2881925731553,
-88.2925279311879,
-88.2968611264078,
-88.3011921609717,
-88.3055210370335,
-88.3098477567434,
-88.3141723222487,
-88.3184947356935,
-88.3228149992186,
-88.3271331149615,
-88.3314490850568,
-88.3357629116357,
-88.3400745968263,
-88.3443841427535,
-88.3486915515391,
-88.3529968253016,
-88.3572999661565,
-88.3616009762162,
-88.3658998575898,
-88.3701966123834,
-88.3744912426998,
-88.378783750639,
-88.3830741382975,
-88.387362407769,
-88.3916485611439,
-88.3959326005097,
-88.4002145279507,
-88.404494345548,
-88.4087720553799,
-88.4130476595214,
-88.4173211600445,
-88.4215925590183,
-88.4258618585085,
-88.4301290605782,
-88.434394167287,
-88.4386571806919,
-88.4429181028465,
-88.4471769358017,
-88.4514336816052,
-88.4556883423016,
-88.4599409199327,
-88.4641914165372,
-88.468439834151,
-88.4726861748066,
-88.4769304405339,
-88.4811726333596,
-88.4854127553077,
-88.4896508083988,
-88.4938867946511,
-88.4981207160793,
-88.5023525746956,
-88.5065823725089,
-88.5108101115255,
-88.5150357937485,
-88.5192594211782,
-88.523480995812,
-88.5277005196444,
-88.5319179946668,
-88.536133422868,
-88.5403468062337,
-88.5445581467468,
-88.5487674463872,
-88.5529747071321,
-88.5571799309558,
-88.5613831198295,
-88.5655842757218,
-88.5697834005984,
-88.5739804964221,
-88.5781755651528,
-88.5823686087477,
-88.586559629161,
-88.5907486283442,
-88.594935608246,
-88.5991205708121,
-88.6033035179857,
-88.6074844517069,
-88.6116633739131,
-88.615840286539,
-88.6200151915163,
-88.6241880907741,
-88.6283589862387,
-88.6325278798335,
-88.6366947734793,
-88.640859669094,
-88.6450225685928,
-88.6491834738882,
-88.6533423868899,
-88.6574993095048,
-88.6616542436372,
-88.6658071911885,
-88.6699581540575,
-88.6741071341402,
-88.67825413333,
-88.6823991535175,
-88.6865421965906,
-88.6906832644345,
-88.6948223589318,
-88.6989594819621,
-88.7030946354028,
-88.7072278211282,
-88.7113590410102,
-88.7154882969178,
-88.7196155907175,
-88.7237409242731,
-88.7278642994458,
-88.7319857180939,
-88.7361051820735,
-88.7402226932376,
-88.7443382534369,
-88.7484518645192,
-88.75256352833,
-88.7566732467119,
-88.760781021505,
-88.7648868545467,
-88.768990747672,
-88.7730927027131,
-88.7771927214996,
-88.7812908058588,
-88.785386957615,
-88.7894811785902,
-88.7935734706037,
-88.7976638354724,
-88.8017522750103,
-88.8058387910293,
-88.8099233853383,
-88.814006059744,
-88.8180868160502,
-88.8221656560585,
-88.8262425815678,
-88.8303175943744,
-88.8343906962723,
-88.8384618890528,
-88.8425311745046,
-88.8465985544141,
-88.8506640305651,
-88.8547276047389,
-88.8587892787143,
-88.8628490542676,
-88.8669069331725,
-88.8709629172005,
-88.8750170081203,
-88.8790692076984,
-88.8831195176986,
-88.8871679398824,
-88.8912144760087,
-88.8952591278341,
-88.8993018971126,
-88.9033427855959,
-88.907381795033,
-88.9114189271708,
-88.9154541837535,
-88.919487566523,
-88.9235190772187,
-88.9275487175778,
-88.9315764893346,
-88.9356023942216,
-88.9396264339684,
-88.9436486103024,
-88.9476689249486,
-88.9516873796296,
-88.9557039760656,
-88.9597187159744,
-88.9637316010714,
-88.9677426330698,
-88.9717518136801,
-88.9757591446107,
-88.9797646275676,
-88.9837682642543,
-88.9877700563721,
-88.9917700056199,
-88.9957681136942,
-88.9997643822893,
-89.0037588130969,
-89.0077514078066,
-89.0117421681056,
-89.0157310956789,
-89.0197181922089,
-89.0237034593758,
-89.0276868988578,
-89.0316685123302,
-89.0356483014665,
-89.0396262679377,
-89.0436024134126,
-89.0475767395574,
-89.0515492480365,
-89.0555199405116,
-89.0594888186424,
-89.0634558840861,
-89.0674211384978,
-89.0713845835304,
-89.0753462208342,
-89.0793060520576,
-89.0832640788466,
-89.0872203028448,
-89.091174725694,
-89.0951273490332,
-89.0990781744996,
-89.1030272037279,
-89.1069744383507,
-89.1109198799984,
-89.1148635302991,
-89.1188053908787,
-89.1227454633609,
-89.1266837493672,
-89.1306202505169,
-89.134554968427,
-89.1384879047124,
-89.142419060986,
-89.146348438858,
-89.150276039937,
-89.1542018658289,
-89.1581259181378,
-89.1620481984655,
-89.1659687084116,
-89.1698874495735,
-89.1738044235466,
-89.1777196319239,
-89.1816330762965,
-89.1855447582532,
-89.1894546793807,
-89.1933628412636,
-89.1972692454841,
-89.2011738936228,
-89.2050767872575,
-89.2089779279645,
-89.2128773173176,
-89.2167749568885,
-89.220670848247,
-89.2245649929605,
-89.2284573925946,
-89.2323480487125,
-89.2362369628756,
-89.2401241366428,
-89.2440095715715,
-89.2478932692163,
-89.2517752311304,
-89.2556554588644,
-89.259533953967,
-89.263410717985,
-89.2672857524628,
-89.2711590589431,
-89.2750306389662,
-89.2789004940706,
-89.2827686257925,
-89.2866350356663,
-89.2904997252242,
-89.2943626959964,
-89.298223949511,
-89.3020834872941,
-89.3059413108699,
-89.3097974217604,
-89.3136518214855,
-89.3175045115633,
-89.3213554935098,
-89.325204768839,
-89.3290523390627,
-89.332898205691,
-89.3367423702318,
-89.3405848341909,
-89.3444255990725,
-89.3482646663783,
-89.3521020376084,
-89.3559377142608,
-89.3597716978313,
-89.3636039898141,
-89.3674345917011,
-89.3712635049825,
-89.3750907311462,
-89.3789162716785,
-89.3827401280634,
-89.3865623017832,
-89.3903827943181,
-89.3942016071464,
-89.3980187417444,
-89.4018341995866,
-89.4056479821454,
-89.4094600908913,
-89.4132705272928,
-89.4170792928167,
-89.4208863889277,
-89.4246918170884,
-89.42849557876,
-89.4322976754011,
-89.436098108469,
-89.4398968794187,
-89.4436939897035,
-89.4474894407746,
-89.4512832340815,
-89.4550753710717,
-89.4588658531908,
-89.4626546818825,
-89.4664418585887,
-89.4702273847494,
-89.4740112618025,
-89.4777934911843,
-89.4815740743291,
-89.4853530126693,
-89.4891303076356,
-89.4929059606566,
-89.4966799731592,
-89.5004523465684,
-89.5042230823072,
-89.5079921817971,
-89.5117596464574,
-89.5155254777056,
-89.5192896769576,
-89.5230522456273,
-89.5268131851266,
-89.5305724968659,
-89.5343301822536,
-89.5380862426961,
-89.5418406795984,
-89.5455934943632,
-89.5493446883917,
-89.5530942630833,
-89.5568422198353,
-89.5605885600435,
-89.5643332851017,
-89.5680763964021,
-89.5718178953348,
-89.5755577832885,
-89.5792960616496,
-89.5830327318032,
-89.5867677951323,
-89.5905012530183,
-89.5942331068408,
-89.5979633579774,
-89.6016920078041,
-89.6054190576953,
-89.6091445090233,
-89.6128683631588,
-89.6165906214708,
-89.6203112853264,
-89.624030356091,
-89.6277478351283,
-89.6314637238002,
-89.6351780234668,
-89.6388907354866,
-89.6426018612162,
-89.6463114020106,
-89.650019359223,
-89.6537257342048,
-89.6574305283058,
-89.661133742874,
-89.6648353792556,
-89.6685354387953,
-89.6722339228359,
-89.6759308327185,
-89.6796261697825,
-89.6833199353658,
-89.6870121308042,
-89.6907027574321,
-89.694391816582,
-89.698079309585,
-89.7017652377702,
-89.7054496024652,
-89.7091324049956,
-89.7128136466859,
-89.7164933288583,
-89.7201714528337,
-89.7238480199311,
-89.7275230314681,
-89.7311964887603,
-89.734868393122,
-89.7385387458654,
-89.7422075483014,
-89.745874801739,
-89.7495405074858,
-89.7532046668475,
-89.7568672811283,
-89.7605283516305,
-89.7641878796552,
-89.7678458665015,
-89.7715023134669,
-89.7751572218474,
-89.7788105929372,
-89.7824624280291,
-89.786112728414,
-89.7897614953813,
-89.7934087302189,
-89.7970544342129,
-89.8006986086477,
-89.8043412548064,
-89.8079823739702,
-89.8116219674188,
-89.8152600364304,
-89.8188965822813,
-89.8225316062465,
-89.8261651095992,
-89.8297970936112,
-89.8334275595525,
-89.8370565086916,
-89.8406839422954,
-89.8443098616292,
-89.8479342679568,
-89.8515571625403,
-89.8551785466404,
-89.8587984215159,
-89.8624167884243,
-89.8660336486215,
-89.8696490033617,
-89.8732628538978,
-89.8768752014808,
-89.8804860473603,
-89.8840953927843,
-89.8877032389995,
-89.8913095872506,
-89.8949144387811,
-89.8985177948328,
-89.902119656646,
-89.9057200254595,
-89.9093189025104,
-89.9129162890344,
-89.9165121862656,
-89.9201065954368,
-89.9236995177788,
-89.9272909545213,
-89.9308809068924,
-89.9344693761184,
-89.9380563634244,
-89.9416418700339,
-89.9452258971687,
-89.9488084460494,
-89.9523895178948,
-89.9559691139224,
-89.9595472353481,
-89.9631238833864,
-89.96669905925,
-89.9702727641505,
-89.9738449992977,
-89.9774157659001,
-89.9809850651647,
-89.9845528982968,
-89.9881192665005,
-89.9916841709782,
-89.995247612931,
-89.9988095935584,
-90.0023701140583,
-90.0059291756275,
-90.009486779461,
-90.0130429267525,
-90.0165976186941,
-90.0201508564765,
-90.0237026412891,
-90.0272529743195,
-90.0308018567542,
-90.034349289778,
-90.0378952745744,
-90.0414398123253,
-90.0449829042113,
-90.0485245514115,
-90.0520647551035,
-90.0556035164635,
-90.0591408366664,
-90.0626767168854,
-90.0662111582925,
-90.0697441620581,
-90.0732757293513,
-90.0768058613398,
-90.0803345591897,
-90.0838618240658,
-90.0873876571315,
-90.0909120595487,
-90.094435032478,
-90.0979565770785,
-90.1014766945078,
-90.1049953859224,
-90.1085126524771,
-90.1120284953253,
-90.1155429156193,
-90.1190559145097,
-90.1225674931458,
-90.1260776526755,
-90.1295863942454,
-90.1330937190005,
-90.1365996280846,
-90.1401041226402,
-90.1436072038081,
-90.1471088727279,
-90.150609130538,
-90.154107978375,
-90.1576054173746,
-90.1611014486708,
-90.1645960733963,
-90.1680892926825,
-90.1715811076594,
-90.1750715194556,
-90.1785605291985,
-90.1820481380139,
-90.1855343470264,
-90.1890191573592,
-90.1925025701342,
-90.1959845864719,
-90.1994652074915,
-90.2029444343107,
-90.2064222680461,
-90.2098987098128,
-90.2133737607245,
-90.2168474218938,
-90.2203196944318,
-90.2237905794482,
-90.2272600780516,
-90.230728191349,
-90.2341949204464,
-90.2376602664481,
-90.2411242304573,
-90.244586813576,
-90.2480480169045,
-90.2515078415422,
-90.2549662885869,
-90.2584233591353,
-90.2618790542825,
-90.2653333751227,
-90.2687863227484,
-90.272237898251,
-90.2756881027206,
-90.279136937246,
-90.2825844029146,
-90.2860305008127,
-90.289475232025,
-90.2929185976352,
-90.2963605987257,
-90.2998012363774,
-90.30324051167,
-90.306678425682,
-90.3101149794907,
-90.3135501741718,
-90.3169840108001,
-90.3204164904488,
-90.3238476141901,
-90.3272773830947,
-90.3307057982322,
-90.3341328606708,
-90.3375585714776,
-90.3409829317184,
-90.3444059424575,
-90.3478276047582,
-90.3512479196825,
-90.3546668882911,
-90.3580845116435,
-90.3615007907979,
-90.3649157268113,
-90.3683293207393,
-90.3717415736365,
-90.3751524865561,
-90.37856206055,
-90.3819702966691,
-90.3853771959628,
-90.3887827594796,
-90.3921869882662,
-90.3955898833688,
-90.3989914458317,
-90.4023916766984,
-90.405790577011,
-90.4091881478105,
-90.4125843901364,
-90.4159793050274,
-90.4193728935207,
-90.4227651566523,
-90.4261560954571,
-90.4295457109686,
-90.4329340042193,
-90.4363209762404,
-90.4397066280619,
-90.4430909607126,
-90.4464739752201,
-90.4498556726107,
-90.4532360539096,
-90.456615120141,
-90.4599928723274,
-90.4633693114907,
-90.4667444386511,
-90.4701182548279,
-90.4734907610392,
-90.4768619583018,
-90.4802318476314,
-90.4836004300425,
-90.4869677065483,
-90.4903336781611,
-90.4936983458918,
-90.4970617107501,
-90.5004237737447,
-90.503784535883,
-90.5071439981712,
-90.5105021616146,
-90.513859027217,
-90.5172145959812,
-90.5205688689088,
-90.5239218470002,
-90.5272735312549,
-90.5306239226708,
-90.533973022245,
-90.5373208309733,
-90.5406673498504,
-90.5440125798698,
-90.5473565220239,
-90.550699177304,
-90.5540405467001,
-90.5573806312012,
-90.5607194317951,
-90.5640569494685,
-90.5673931852068,
-90.5707281399946,
-90.5740618148151,
-90.5773942106503,
-90.5807253284814,
-90.5840551692882,
-90.5873837340494,
-90.5907110237426,
-90.5940370393445,
-90.5973617818303,
-90.6006852521743,
-90.6040074513496,
-90.6073283803283,
-90.6106480400814,
-90.6139664315785,
-90.6172835557884,
-90.6205994136787,
-90.6239140062158,
-90.6272273343651,
-90.6305393990908,
-90.6338502013562,
-90.6371597421233,
-90.640468022353,
-90.6437750430051,
-90.6470808050386,
-90.650385309411,
-90.6536885570789,
-90.6569905489978,
-90.6602912861221,
-90.6635907694051,
-90.6668889997991,
-90.6701859782551,
-90.6734817057232,
-90.6767761831524,
-90.6800694114907,
-90.6833613916847,
-90.6866521246804,
-90.6899416114222,
-90.6932298528539,
-90.696516849918,
-90.6998026035558,
-90.7030871147078,
-90.7063703843134,
-90.7096524133107,
-90.712933202637,
-90.7162127532284,
-90.7194910660199,
-90.7227681419456,
-90.7260439819385,
-90.7293185869303,
-90.7325919578521,
-90.7358640956335,
-90.7391350012033,
-90.7424046754893,
-90.745673119418,
-90.7489403339151,
-90.7522063199051,
-90.7554710783115,
-90.7587346100569,
-90.7619969160626,
-90.765257997249,
-90.7685178545356,
-90.7717764888406,
-90.7750339010813,
-90.778290092174,
-90.7815450630339,
-90.7847988145753,
-90.7880513477112,
-90.7913026633539,
-90.7945527624145,
-90.7978016458031,
-90.8010493144287,
-90.8042957691995,
-90.8075410110224,
-90.8107850408035,
-90.8140278594479,
-90.8172694678595,
-90.8205098669413,
-90.8237490575953,
-90.8269870407225,
-90.8302238172228,
-90.8334593879952,
-90.8366937539377,
-90.8399269159471,
-90.8431588749195,
-90.8463896317498,
-90.8496191873319,
-90.8528475425588,
-90.8560746983225,
-90.859300655514,
-90.8625254150231,
-90.8657489777389,
-90.8689713445494,
-90.8721925163416,
-90.8754124940015,
-90.8786312784141,
-90.8818488704635,
-90.8850652710328,
-90.888280481004,
-90.8914945012583,
-90.8947073326757,
-90.8979189761355,
-90.9011294325158,
-90.9043387026939,
-90.9075467875459,
-90.9107536879471,
-90.9139594047719,
-90.9171639388935,
-90.9203672911843,
-90.9235694625157,
-90.9267704537581,
-90.9299702657811,
-90.933168899453,
-90.9363663556416,
-90.9395626352133,
-90.9427577390338,
-90.9459516679677,
-90.9491444228789,
-90.9523360046301,
-90.955526414083,
-90.9587156520987,
-90.961903719537,
-90.9650906172568,
-90.9682763461163,
-90.9714609069726,
-90.9746443006817,
-90.9778265280989,
-90.9810075900784,
-90.9841874874737,
-90.987366221137,
-90.9905437919198,
-90.9937202006727,
-90.9968954482453,
-91.0000695354862,
-91.0032424632432,
-91.006414232363,
-91.0095848436915,
-91.0127542980737,
-91.0159225963536,
-91.0190897393743,
-91.022255727978,
-91.025420563006,
-91.0285842452985,
-91.031746775695,
-91.034908155034,
-91.0380683841531,
-91.041227463889,
-91.0443853950774,
-91.0475421785532,
-91.0506978151503,
-91.0538523057018,
-91.0570056510398,
-91.0601578519955,
-91.0633089093992,
-91.0664588240804,
-91.0696075968674,
-91.0727552285881,
-91.075901720069,
-91.079047072136,
-91.082191285614,
-91.085334361327,
-91.0884763000981,
-91.0916171027496,
-91.0947567701028,
-91.0978953029782,
-91.1010327021952,
-91.1041689685727,
-91.1073041029284,
-91.1104381060791,
-91.113570978841,
-91.1167027220291,
-91.1198333364576,
-91.1229628229401,
-91.1260911822889,
-91.1292184153157,
-91.1323445228312,
-91.1354695056453,
-91.1385933645669,
-91.1417161004043,
-91.1448377139646,
-91.1479582060542,
-91.1510775774787,
-91.1541958290426,
-91.1573129615498,
-91.1604289758032,
-91.1635438726047,
-91.1666576527557,
-91.1697703170564,
-91.1728818663062,
-91.1759923013038,
-91.179101622847,
-91.1822098317326,
-91.1853169287566,
-91.1884229147143,
-91.1915277903999,
-91.194631556607,
-91.1977342141281,
-91.2008357637551,
-91.2039362062789,
-91.2070355424895,
-91.2101337731762,
-91.2132308991274,
-91.2163269211306,
-91.2194218399725,
-91.2225156564391,
-91.2256083713153,
-91.2286999853853,
-91.2317904994326,
-91.2348799142395,
-91.2379682305878,
-91.2410554492583,
-91.244141571031,
-91.2472265966852,
-91.2503105269992,
-91.2533933627505,
-91.2564751047158,
-91.259555753671,
-91.2626353103911,
-91.2657137756503,
-91.2687911502221,
-91.2718674348791,
-91.2749426303929,
-91.2780167375345,
-91.2810897570741,
-91.284161689781,
-91.2872325364236,
-91.2903022977696,
-91.2933709745858,
-91.2964385676384,
-91.2995050776925,
-91.3025705055126,
-91.3056348518623,
-91.3086981175043,
-91.3117603032008,
-91.3148214097128,
-91.3178814378009,
-91.3209403882245,
-91.3239982617425,
-91.3270550591128,
-91.3301107810926,
-91.3331654284383,
-91.3362190019056,
-91.3392715022491,
-91.3423229302228,
-91.3453732865801,
-91.3484225720733,
-91.3514707874539,
-91.354517933473,
-91.3575640108803,
-91.3606090204253,
-91.3636529628563,
-91.3666958389211,
-91.3697376493665,
-91.3727783949386,
-91.3758180763828,
-91.3788566944435,
-91.3818942498646,
-91.384930743389,
-91.3879661757589,
-91.3910005477157,
-91.3940338600001,
-91.3970661133519,
-91.4000973085103,
-91.4031274462134,
-91.406156527199,
-91.4091845522037,
-91.4122115219636,
-91.4152374372139,
-91.418262298689,
-91.4212861071227,
-91.4243088632479,
-91.4273305677967,
-91.4303512215006,
-91.4333708250903,
-91.4363893792955,
-91.4394068848454,
-91.4424233424684,
-91.445438752892,
-91.4484531168432,
-91.4514664350479,
-91.4544787082316,
-91.4574899371188,
-91.4605001224333,
-91.4635092648981,
-91.4665173652358,
-91.4695244241677,
-91.4725304424147,
-91.4755354206969,
-91.4785393597336,
-91.4815422602434,
-91.4845441229441,
-91.4875449485528,
-91.4905447377859,
-91.493543491359,
-91.4965412099869,
-91.4995378943837,
-91.5025335452629,
-91.505528163337,
-91.5085217493181,
-91.5115143039172,
-91.5145058278449,
-91.5174963218107,
-91.5204857865238,
-91.5234742226923,
-91.5264616310238,
-91.5294480122249,
-91.5324333670019,
-91.53541769606,
-91.5384010001037,
-91.5413832798371,
-91.5443645359632,
-91.5473447691844,
-91.5503239802025,
-91.5533021697184,
-91.5562793384324,
-91.559255487044,
-91.5622306162521,
-91.5652047267547,
-91.5681778192493,
-91.5711498944325,
-91.5741209530002,
-91.5770909956477,
-91.5800600230696,
-91.5830280359596,
-91.5859950350108,
-91.5889610209157,
-91.5919259943659,
-91.5948899560525,
-91.5978529066656,
-91.6008148468948,
-91.603775777429,
-91.6067356989564,
-91.6096946121644,
-91.6126525177397,
-91.6156094163685,
-91.618565308736,
-91.6215201955269,
-91.6244740774251,
-91.627426955114,
-91.630378829276,
-91.633329700593,
-91.6362795697462,
-91.639228437416,
-91.6421763042822,
-91.645123171024,
-91.6480690383197,
-91.651013906847,
-91.6539577772829,
-91.6569006503038,
-91.6598425265853,
-91.6627834068024,
-91.6657232916292,
-91.6686621817395,
-91.6716000778061,
-91.6745369805012,
-91.6774728904964,
-91.6804078084625,
-91.6833417350697,
-91.6862746709875,
-91.6892066168848,
-91.6921375734296,
-91.6950675412894,
-91.697996521131,
-91.7009245136206,
-91.7038515194235,
-91.7067775392046,
-91.709702573628,
-91.712626623357,
-91.7155496890545,
-91.7184717713825,
-91.7213928710025,
-91.7243129885751,
-91.7272321247606,
-91.7301502802182,
-91.7330674556069,
-91.7359836515846,
-91.7388988688088,
-91.7418131079364,
-91.7447263696233,
-91.747638654525,
-91.7505499632964,
-91.7534602965915,
-91.7563696550639,
-91.7592780393663,
-91.762185450151,
-91.7650918880694,
-91.7679973537723,
-91.7709018479101,
-91.7738053711322,
-91.7767079240876,
-91.7796095074244,
-91.7825101217903,
-91.7854097678323,
-91.7883084461966,
-91.791206157529,
-91.7941029024743,
-91.796998681677,
-91.7998934957808,
-91.8027873454288,
-91.8056802312634,
-91.8085721539264,
-91.8114631140589,
-91.8143531123015,
-91.8172421492941,
-91.8201302256758,
-91.8230173420854,
-91.8259034991606,
-91.8287886975389,
-91.831672937857,
-91.8345562207509,
-91.837438546856,
-91.8403199168072,
-91.8432003312385,
-91.8460797907835,
-91.8489582960752,
-91.8518358477457,
-91.8547124464268,
-91.8575880927494,
-91.8604627873439,
-91.8633365308401,
-91.8662093238671,
-91.8690811670535,
-91.8719520610271,
-91.8748220064152,
-91.8776910038445,
-91.8805590539409,
-91.8834261573299,
-91.8862923146362,
-91.8891575264841,
-91.892021793497,
-91.894885116298,
-91.8977474955093,
-91.9006089317526,
-91.903469425649,
-91.9063289778191,
-91.9091875888826,
-91.9120452594588,
-91.9149019901664,
-91.9177577816233,
-91.9206126344471,
-91.9234665492544,
-91.9263195266616,
-91.9291715672842,
-91.9320226717372,
-91.934872840635,
-91.9377220745914,
-91.9405703742195,
-91.9434177401319,
-91.9462641729406,
-91.949109673257,
-91.9519542416918,
-91.9547978788552,
-91.9576405853568,
-91.9604823618055,
-91.9633232088098,
-91.9661631269773,
-91.9690021169154,
-91.9718401792304,
-91.9746773145286,
-91.9775135234152,
-91.9803488064951,
-91.9831831643724,
-91.9860165976509,
-91.9888491069335,
-91.9916806928226,
-91.9945113559202,
-91.9973410968275,
-92.0001699161451,
-92.0029978144732,
-92.0058247924113,
-92.0086508505583,
-92.0114759895125,
-92.0143002098716,
-92.0171235122329,
-92.019945897193,
-92.0227673653477,
-92.0255879172926,
-92.0284075536226,
-92.0312262749318,
-92.0340440818139,
-92.0368609748621,
-92.039676954669,
-92.0424920218263,
-92.0453061769257,
-92.0481194205577,
-92.0509317533128,
-92.0537431757804,
-92.0565536885498,
-92.0593632922095,
-92.0621719873473,
-92.0649797745507,
-92.0677866544065,
-92.0705926275008,
-92.0733976944195,
-92.0762018557475,
-92.0790051120694,
-92.0818074639692,
-92.0846089120303,
-92.0874094568355,
-92.0902090989671,
-92.0930078390068,
-92.0958056775357,
-92.0986026151345,
-92.1013986523832,
-92.1041937898613,
-92.1069880281476,
-92.1097813678205,
-92.1125738094578,
-92.1153653536368,
-92.1181560009341,
-92.1209457519258,
-92.1237346071875,
-92.1265225672943,
-92.1293096328205,
-92.1320958043402,
-92.1348810824266,
-92.1376654676526,
-92.1404489605904,
-92.1432315618117,
-92.1460132718877,
-92.148794091389,
-92.1515740208856,
-92.1543530609471,
-92.1571312121424,
-92.15990847504,
-92.1626848502076,
-92.1654603382127,
-92.168234939622,
-92.1710086550019,
-92.1737814849178,
-92.1765534299352,
-92.1793244906185,
-92.1820946675318,
-92.1848639612387,
-92.1876323723021,
-92.1903999012846,
-92.193166548748,
-92.1959323152538,
-92.1986972013628,
-92.2014612076353,
-92.2042243346312,
-92.2069865829095,
-92.2097479530291,
-92.2125084455482,
-92.2152680610243,
-92.2180268000146,
-92.2207846630758,
-92.2235416507637,
-92.2262977636341,
-92.2290530022418,
-92.2318073671414,
-92.2345608588868,
-92.2373134780314,
-92.2400652251281,
-92.2428161007293,
-92.2455661053867,
-92.2483152396518,
-92.2510635040753,
-92.2538108992075,
-92.2565574255982,
-92.2593030837965,
-92.2620478743512,
-92.2647917978105,
-92.267534854722,
-92.2702770456329,
-92.2730183710898,
-92.2757588316388,
-92.2784984278255,
-92.2812371601951,
-92.283975029292,
-92.2867120356603,
-92.2894481798436,
-92.2921834623849,
-92.2949178838267,
-92.297651444711,
-92.3003841455792,
-92.3031159869724,
-92.305846969431,
-92.308577093495,
-92.3113063597038,
-92.3140347685964,
-92.3167623207111,
-92.319489016586,
-92.3222148567584,
-92.3249398417652,
-92.3276639721429,
-92.3303872484274,
-92.333109671154,
-92.3358312408576,
-92.3385519580726,
-92.341271823333,
-92.3439908371721,
-92.3467090001228,
-92.3494263127175,
-92.3521427754881,
-92.3548583889659,
-92.3575731536819,
-92.3602870701664,
-92.3630001389494,
-92.3657123605602,
-92.3684237355277,
-92.3711342643805,
-92.3738439476463,
-92.3765527858525,
-92.3792607795263,
-92.3819679291938,
-92.3846742353812,
-92.3873796986138,
-92.3900843194166,
-92.3927880983141,
-92.3954910358303,
-92.3981931324886,
-92.400894388812,
-92.4035948053231,
-92.406294382544,
-92.408993120996,
-92.4116910212004,
-92.4143880836776,
-92.4170843089477,
-92.4197796975304,
-92.4224742499448,
-92.4251679667095,
-92.4278608483426,
-92.4305528953618,
-92.4332441082844,
-92.435934487627,
-92.4386240339058,
-92.4413127476366,
-92.4440006293347,
-92.4466876795149,
-92.4493738986914,
-92.4520592873781,
-92.4547438460884,
-92.4574275753352,
-92.4601104756308,
-92.4627925474873,
-92.465473791416,
-92.4681542079279,
-92.4708337975337,
-92.4735125607432,
-92.4761904980661,
-92.4788676100115,
-92.481543897088,
-92.4842193598038,
-92.4868939986665,
-92.4895678141834,
-92.4922408068612,
-92.4949129772063,
-92.4975843257244,
-92.5002548529208,
-92.5029245593005,
-92.505593445368,
-92.508261511627,
-92.5109287585812,
-92.5135951867336,
-92.5162607965866,
-92.5189255886425,
-92.5215895634029,
-92.5242527213689,
-92.5269150630412,
-92.5295765889202,
-92.5322372995056,
-92.5348971952967,
-92.5375562767925,
-92.5402145444913,
-92.5428719988911,
-92.5455286404895,
-92.5481844697834,
-92.5508394872695,
-92.5534936934438,
-92.5561470888022,
-92.5587996738398,
-92.5614514490514,
-92.5641024149313,
-92.5667525719734,
-92.5694019206711,
-92.5720504615173,
-92.5746981950047,
-92.5773451216252,
-92.5799912418706,
-92.5826365562318,
-92.5852810651997,
-92.5879247692646,
-92.5905676689162,
-92.593209764644,
-92.5958510569368,
-92.5984915462832,
-92.6011312331712,
-92.6037701180884,
-92.6064082015219,
-92.6090454839585,
-92.6116819658843,
-92.6143176477853,
-92.6169525301468,
-92.6195866134538,
-92.6222198981906,
-92.6248523848415,
-92.62748407389,
-92.6301149658192,
-92.632745061112,
-92.6353743602506,
-92.6380028637169,
-92.6406305719923,
-92.6432574855578,
-92.6458836048939,
-92.6485089304808,
-92.6511334627981,
-92.6537572023251,
-92.6563801495406,
-92.6590023049229,
-92.6616236689501,
-92.6642442420996,
-92.6668640248485,
-92.6694830176734,
-92.6721012210506,
-92.6747186354558,
-92.6773352613645,
-92.6799510992515,
-92.6825661495913,
-92.685180412858,
-92.6877938895252,
-92.6904065800662,
-92.6930184849538,
-92.6956296046602,
-92.6982399396575,
-92.7008494904171,
-92.7034582574101,
-92.7060662411073,
-92.7086734419787,
-92.7112798604943,
-92.7138854971235,
-92.7164903523351,
-92.7190944265978,
-92.7216977203796,
-92.7243002341483,
-92.7269019683712,
-92.729502923515,
-92.7321031000464,
-92.7347024984312,
-92.7373011191351,
-92.7398989626233,
-92.7424960293606,
-92.7450923198113,
-92.7476878344393,
-92.7502825737082,
-92.7528765380811,
-92.7554697280207,
-92.7580621439892,
-92.7606537864485,
-92.7632446558602,
-92.7658347526851,
-92.768424077384,
-92.771012630417,
-92.773600412244,
-92.7761874233243,
-92.778773664117,
-92.7813591350806,
-92.7839438366733,
-92.7865277693528,
-92.7891109335765,
-92.7916933298012,
-92.7942749584837,
-92.7968558200798,
-92.7994359150455,
-92.802015243836,
-92.8045938069062,
-92.8071716047105,
-92.8097486377032,
-92.8123249063378,
-92.8149004110678,
-92.8174751523459,
-92.8200491306246,
-92.8226223463561,
-92.825194799992,
-92.8277664919835,
-92.8303374227817,
-92.8329075928368,
-92.8354770025991,
-92.8380456525182,
-92.8406135430434,
-92.8431806746235,
-92.845747047707,
-92.8483126627421,
-92.8508775201764,
-92.8534416204571,
-92.8560049640313,
-92.8585675513454,
-92.8611293828455,
-92.8636904589773,
-92.8662507801861,
-92.8688103469169,
-92.8713691596142,
-92.8739272187221,
-92.8764845246843,
-92.8790410779443,
-92.8815968789449,
-92.8841519281288,
-92.8867062259382,
-92.8892597728147,
-92.8918125691999,
-92.8943646155348,
-92.8969159122598,
-92.8994664598154,
-92.9020162586413,
-92.904565309177,
-92.9071136118616,
-92.9096611671337,
-92.9122079754317,
-92.9147540371935,
-92.9172993528565,
-92.919843922858,
-92.9223877476348,
-92.9249308276231,
-92.927473163259,
-92.9300147549781,
-92.9325556032156,
-92.9350957084064,
-92.937635070985,
-92.9401736913854,
-92.9427115700413,
-92.9452487073861,
-92.9477851038526,
-92.9503207598736,
-92.9528556758811,
-92.955389852307,
-92.9579232895826,
-92.9604559881392,
-92.9629879484072,
-92.9655191708171,
-92.9680496557988,
-92.9705794037817,
-92.9731084151951,
-92.9756366904678,
-92.9781642300283,
-92.9806910343044,
-92.983217103724,
-92.9857424387144,
-92.9882670397024,
-92.9907909071146,
-92.9933140413772,
-92.9958364429161,
-92.9983581121566
