1,-22.2545735872837
2,-28.2751735005634
3,-31.796998681677
4,-34.295773413843
5,-36.2339736740041
6,-37.8175985949566
7,-39.1565343875689
8,-40.3163733271226
9,-41.3394237760703
10,-42.2545735872837
11,-43.0824272904482
12,-43.8381985082363
13,-44.5334406334205
14,-45.1771343008485
15,-45.7763987683974
16,-46.3369732404022
17,-46.8635520148492
18,-47.3600236893499
19,-47.8296456063403
20,-48.2751735005634
21,-48.6989594819621
22,-49.1030272037279
23,-49.4891303076356
24,-49.8587984215159
25,-50.2133737607245
26,-50.5540405467001
27,-50.8818488704635
28,-51.1977342141281
29,-51.5025335452629
30,-51.796998681677
31,-52.0818074639692
32,-52.3575731536819
33,-52.6248523848415
34,-52.8841519281288
35,-53.1359344742893
36,-53.3806236026295
37,-53.6186080686236
38,-53.8502455196199
39,-54.0758657278137
40,-54.295773413843
41,-54.5102507216784
42,-54.7195593952418
43,-54.9239426988755
44,-55.1236271170075
45,-55.3188238627906
46,-55.5097302209152
47,-55.6965307459981
48,-55.8793983347955
49,-56.058495187854
50,-56.2339736740041
51,-56.4059771092425
52,-56.5746404599797
53,-56.7400909792995
54,-56.9024487837431
55,-57.0618273771686
56,-57.2183341274078
57,-57.3720707007336
58,-57.5231334585425
59,-57.6716138201266
60,-57.8175985949566
61,-57.9611702874991
62,-58.1024073772488
63,-58.2413845763554
64,-58.3781730669615
65,-58.5128407201408
66,-58.6454522981211
67,-58.7760696413003
68,-58.9047518414085
69,-59.0315554020289
70,-59.1565343875689
71,-59.2797405616652
72,-59.4012235159091
73,-59.5210307896929
74,-59.6392079819033
75,-59.7557988551178
76,-59.8708454328996
77,-59.9843880907334
78,-60.0964656410933
79,-60.2071154130926
80,-60.3163733271226
81,-60.4242739648568
82,-60.5308506349581
83,-60.6361354348052
84,-60.7401593085214
85,-60.8429521015696
86,-60.9445426121551
87,-61.0449586396561
88,-61.1442270302871
89,-61.242373720182
90,-61.3394237760703
91,-61.4354014337056
92,-61.5303301341949
93,-61.6242325583625
94,-61.7171306592777
95,-61.8090456930607
96,-61.8999982480751
97,-61.9900082726086
98,-62.0790951011337
99,-62.1672774792347
100,-62.2545735872837
101,-62.3410010629366
102,-62.4265770225221
103,-62.5113180813872
104,-62.5952403732593
105,-62.6783595686825
106,-62.7606908925791
107,-62.8422491409879
108,-62.9230486970228
109,-63.0031035460962
110,-63.0824272904482
111,-63.1610331630169
112,-63.2389340406874
113,-63.3161424569521
114,-63.3926706140132
115,-63.468530394356
116,-63.5437333718221
117,-63.618290822207
118,-63.6922137334062
119,-63.7655128151344
120,-63.8381985082363
121,-63.9102809936128
122,-63.9817702007787
123,-64.0526758160717
124,-64.1230072905285
125,-64.1927738474449
126,-64.261984489635
127,-64.3306480064029
128,-64.3987729802411
129,-64.4663677932687
130,-64.5334406334205
131,-64.599999500399
132,-64.6660522114007
133,-64.7316064066254
134,-64.7966695545799
135,-64.8612489571839
136,-64.9253517546881
137,-64.9889849304119
138,-65.0521553153085
139,-65.1148695923656
140,-65.1771343008485
141,-65.2389558403914
142,-65.3003404749449
143,-65.361294336585
144,-65.4218234291888
145,-65.4819336319832
146,-65.5416307029725
147,-65.6009202822473
148,-65.6598078951829
149,-65.7182989555292
150,-65.7763987683974
151,-65.8341125331471
152,-65.8914453461792
153,-65.9484022036357
154,-66.004988004013
155,-66.0612075506896
156,-66.117065554373
157,-66.1725666354684
158,-66.2277153263722
159,-66.2825160736928
160,-66.3369732404022
161,-66.3910911079207
162,-66.4448738781364
163,-66.4983256753629
164,-66.5514505482377
165,-66.6042524715619
166,-66.6567353480848
167,-66.7089030102354
168,-66.760759221801
169,-66.8123076795572
170,-66.8635520148492
171,-66.9144957951268
172,-66.9651425254347
173,-67.0154956498597
174,-67.0655585529357
175,-67.1153345610096
176,-67.1648269435667
177,-67.2140389145199
178,-67.2629736334616
179,-67.3116342068816
180,-67.3600236893499
181,-67.4081450846674
182,-67.4560013469852
183,-67.5035953818923
184,-67.5509300474745
185,-67.598008155344
186,-67.6448324716421
187,-67.6914057180137
188,-67.7377305725574
189,-67.7838096707486
190,-67.8296456063403
191,-67.8752409322383
192,-67.9205981613548
193,-67.9657197674392
194,-68.0106081858883
195,-68.0552658145341
196,-68.0996950144133
197,-68.1438981105156
198,-68.1878773925144
199,-68.2316351154779
200,-68.2751735005634
201,-68.3184947356935
202,-68.3616009762162
203,-68.404494345548
204,-68.4471769358017
205,-68.4896508083988
206,-68.5319179946668
207,-68.5739804964221
208,-68.615840286539
209,-68.6574993095048
210,-68.6989594819621
211,-68.7402226932376
212,-68.7812908058588
213,-68.8221656560585
214,-68.8628490542676
215,-68.9033427855959
216,-68.9436486103024
217,-68.9837682642543
218,-69.0237034593758
219,-69.0634558840861
220,-69.1030272037279
221,-69.142419060986
222,-69.1816330762965
223,-69.220670848247
224,-69.259533953967
225,-69.298223949511
226,-69.3367423702318
227,-69.3750907311462
228,-69.4132705272928
229,-69.4512832340815
230,-69.4891303076356
231,-69.5268131851266
232,-69.5643332851017
233,-69.6016920078041
234,-69.6388907354866
235,-69.6759308327185
236,-69.7128136466859
237,-69.7495405074858
238,-69.786112728414
239,-69.8225316062465
240,-69.8587984215159
241,-69.8949144387811
242,-69.9308809068924
243,-69.96669905925
244,-70.0023701140583
245,-70.0378952745744
246,-70.0732757293513
247,-70.1085126524771
248,-70.1436072038081
249,-70.1785605291985
250,-70.2133737607245
251,-70.2480480169045
252,-70.2825844029146
253,-70.3169840108001
254,-70.3512479196825
255,-70.3853771959628
256,-70.4193728935207
257,-70.4532360539096
258,-70.4869677065484
259,-70.5205688689088
260,-70.5540405467001
261,-70.5873837340494
262,-70.6205994136787
263,-70.6536885570789
264,-70.6866521246804
265,-70.7194910660199
266,-70.7522063199051
267,-70.7847988145753
268,-70.8172694678595
269,-70.8496191873319
270,-70.8818488704635
271,-70.9139594047719
272,-70.9459516679677
273,-70.9778265280989
274,-71.0095848436915
275,-71.041227463889
276,-71.0727552285881
277,-71.1041689685727
278,-71.1354695056453
279,-71.1666576527557
280,-71.1977342141281
281,-71.2286999853853
282,-71.259555753671
283,-71.2903022977696
284,-71.3209403882245
285,-71.3514707874539
286,-71.3818942498646
287,-71.4122115219636
288,-71.4424233424684
289,-71.4725304424147
290,-71.5025335452629
291,-71.5324333670019
292,-71.5622306162521
293,-71.5919259943659
294,-71.6215201955269
295,-71.651013906847
296,-71.6804078084625
297,-71.709702573628
298,-71.7388988688088
299,-71.7679973537723
300,-71.796998681677
301,-71.8259034991606
302,-71.8547124464268
303,-71.8834261573299
304,-71.9120452594588
305,-71.9405703742194
306,-71.9690021169154
307,-71.9973410968275
308,-72.0255879172926
309,-72.0537431757804
310,-72.0818074639692
311,-72.1097813678205
312,-72.1376654676526
313,-72.1654603382127
314,-72.193166548748
315,-72.2207846630758
316,-72.2483152396518
317,-72.2757588316388
318,-72.3031159869724
319,-72.3303872484274
320,-72.3575731536819
321,-72.3846742353812
322,-72.4116910212004
323,-72.4386240339058
324,-72.465473791416
325,-72.4922408068612
326,-72.5189255886425
327,-72.5455286404895
328,-72.5720504615173
329,-72.5984915462832
330,-72.6248523848415
331,-72.6511334627981
332,-72.6773352613645
333,-72.7034582574102
334,-72.729502923515
335,-72.7554697280206
336,-72.7813591350806
337,-72.8071716047105
338,-72.8329075928369
339,-72.8585675513454
340,-72.8841519281288
341,-72.9096611671337
342,-72.9350957084064
343,-72.9604559881392
344,-72.9857424387144
345,-73.0109554887492
346,-73.0360955631393
347,-73.0611630831012
348,-73.0861584662154
349,-73.1110821264674
350,-73.1359344742893
351,-73.1607159166002
352,-73.1854268568464
353,-73.2100676950402
354,-73.2346388277995
355,-73.2591406483856
356,-73.2835735467413
357,-73.3079379095276
358,-73.3322341201612
359,-73.3564625588501
360,-73.3806236026295
361,-73.4047176253969
362,-73.4287449979471
363,-73.452706088006
364,-73.4766012602649
365,-73.5004308764132
366,-73.524195295172
367,-73.5478948723255
368,-73.5715299607541
369,-73.595100910465
370,-73.6186080686236
371,-73.6420517795847
372,-73.6654323849217
373,-73.6887502234575
374,-73.7120056312934
375,-73.7351989418381
376,-73.758330485837
377,-73.7814005913996
378,-73.8044095840283
379,-73.8273577866452
380,-73.8502455196199
381,-73.8730731007961
382,-73.8958408455179
383,-73.9185490666562
384,-73.9411980746344
385,-73.9637881774538
386,-73.9863196807188
387,-74.008792887662
388,-74.0312080991679
389,-74.0535656137979
390,-74.0758657278137
391,-74.0981087352011
392,-74.1202949276929
393,-74.1424245947923
394,-74.1644980237952
395,-74.1865154998129
396,-74.208477305794
397,-74.230383722546
398,-74.2522350287575
399,-74.2740315010187
400,-74.295773413843
401,-74.3174610396874
402,-74.3390946489731
403,-74.3606745101059
404,-74.3822008894959
405,-74.4036740515771
406,-74.4250942588276
407,-74.4464617717881
408,-74.4677768490813
409,-74.4890397474306
410,-74.5102507216784
411,-74.5314100248051
412,-74.5525179079464
413,-74.5735746204118
414,-74.5945804097017
415,-74.6155355215256
416,-74.6364401998186
417,-74.6572946867589
418,-74.6780992227845
419,-74.6988540466097
420,-74.7195593952418
421,-74.7402155039971
422,-74.7608226065172
423,-74.7813809347846
424,-74.8018907191384
425,-74.82235218829
426,-74.8427655693381
427,-74.8631310877842
428,-74.8834489675472
429,-74.9037194309782
430,-74.9239426988755
431,-74.9441189904984
432,-74.964248523582
433,-74.9843315143511
434,-75.004368177534
435,-75.0243587263765
436,-75.0443033726555
437,-75.0642023266922
438,-75.0840557973657
439,-75.1038639921262
440,-75.1236271170075
441,-75.1433453766405
442,-75.1630189742656
443,-75.1826481117451
444,-75.2022329895762
445,-75.2217738069024
446,-75.2412707615266
447,-75.2607240499225
448,-75.2801338672466
449,-75.2995004073502
450,-75.3188238627906
451,-75.338104424843
452,-75.3573422835114
453,-75.3765376275404
454,-75.3956906444258
455,-75.414801520426
456,-75.4338704405724
457,-75.4528975886807
458,-75.4718831473611
459,-75.490827298029
460,-75.5097302209152
461,-75.5285920950767
462,-75.5474130984063
463,-75.5661934076428
464,-75.5849331983814
465,-75.6036326450828
466,-75.6222919210837
467,-75.640911198606
468,-75.6594906487662
469,-75.6780304415854
470,-75.6965307459981
471,-75.7149917298617
472,-75.7334135599655
473,-75.75179640204
474,-75.7701404207654
475,-75.7884457797811
476,-75.8067126416936
477,-75.824941168086
478,-75.8431315195261
479,-75.861283855575
480,-75.8793983347955
481,-75.8974751147604
482,-75.9155143520607
483,-75.933516202314
484,-75.951480820172
485,-75.969408359329
486,-75.9872989725296
487,-76.0051528115764
488,-76.0229700273379
489,-76.0407507697562
490,-76.058495187854
491,-76.0762034297431
492,-76.093875642631
493,-76.1115119728284
494,-76.1291125657567
495,-76.1466775659551
496,-76.1642071170877
497,-76.1817013619504
498,-76.1991604424781
499,-76.2165844997516
500,-76.2339736740041
501,-76.2513281046287
502,-76.2686479301841
503,-76.2859332884023
504,-76.3031843161943
505,-76.320401149657
506,-76.3375839240797
507,-76.3547327739505
508,-76.3718478329621
509,-76.3889292340189
510,-76.4059771092425
511,-76.422991589978
512,-76.4399728068004
513,-76.4569208895201
514,-76.4738359671893
515,-76.4907181681076
516,-76.507567619828
517,-76.5243844491626
518,-76.5411687821884
519,-76.5579207442529
520,-76.5746404599797
521,-76.5913280532742
522,-76.607983647329
523,-76.6246073646292
524,-76.6411993269583
525,-76.6577596554029
526,-76.6742884703585
527,-76.6907858915347
528,-76.70725203796
529,-76.7236870279875
530,-76.7400909792995
531,-76.7564640089131
532,-76.7728062331847
533,-76.7891177678152
534,-76.8053987278549
535,-76.8216492277083
536,-76.8378693811391
537,-76.8540593012749
538,-76.8702191006115
539,-76.8863488910185
540,-76.9024487837431
541,-76.9185188894151
542,-76.9345593180515
543,-76.9505701790607
544,-76.9665515812473
545,-76.9825036328166
546,-76.9984264413785
547,-77.0143201139524
548,-77.0301847569711
549,-77.0460204762856
550,-77.0618273771686
551,-77.0776055643194
552,-77.0933551418677
553,-77.1090762133777
554,-77.1247688818523
555,-77.1404332497373
556,-77.1560694189249
557,-77.1716774907583
558,-77.1872575660353
559,-77.2028097450122
560,-77.2183341274078
561,-77.233830812407
562,-77.249299898665
563,-77.2647414843107
564,-77.2801556669506
565,-77.2955425436725
566,-77.3109022110492
567,-77.3262347651419
568,-77.3415403015041
569,-77.3568189151852
570,-77.3720707007336
571,-77.3872957522007
572,-77.4024941631442
573,-77.4176660266316
574,-77.4328114352432
575,-77.4479304810764
576,-77.463023255748
577,-77.4780898503984
578,-77.4931303556943
579,-77.5081448618325
580,-77.5231334585425
581,-77.5380962350904
582,-77.5530332802815
583,-77.567944682464
584,-77.5828305295317
585,-77.5976909089273
586,-77.6125259076456
587,-77.627335612236
588,-77.6421201088065
589,-77.6568794830258
590,-77.6716138201266
591,-77.6863232049089
592,-77.7010077217421
593,-77.715667454569
594,-77.7303024869076
595,-77.7449129018547
596,-77.7594987820885
597,-77.7740602098711
598,-77.788597267052
599,-77.80311003507
600,-77.8175985949566
601,-77.8320630273385
602,-77.8465034124402
603,-77.8609198300868
604,-77.8753123597064
605,-77.8896810803331
606,-77.9040260706095
607,-77.9183474087889
608,-77.9326451727384
609,-77.9469194399413
610,-77.9611702874991
611,-77.9753977921348
612,-77.989602030195
613,-78.003783077652
614,-78.0179410101071
615,-78.0320759027921
616,-78.0461878305723
617,-78.0602768679486
618,-78.0743430890601
619,-78.0883865676861
620,-78.1024073772488
621,-78.1164055908154
622,-78.1303812811001
623,-78.1443345204671
624,-78.1582653809322
625,-78.1721739341653
626,-78.1860602514923
627,-78.1999244038981
628,-78.2137664620277
629,-78.2275864961891
630,-78.2413845763554
631,-78.2551607721664
632,-78.2689151529314
633,-78.2826477876309
634,-78.2963587449184
635,-78.3100480931233
636,-78.323715900252
637,-78.3373622339907
638,-78.350987161707
639,-78.3645907504518
640,-78.3781730669615
641,-78.3917341776601
642,-78.4052741486608
643,-78.4187930457682
644,-78.43229093448
645,-78.4457678799891
646,-78.4592239471854
647,-78.4726592006578
648,-78.4860737046956
649,-78.4994675232911
650,-78.5128407201408
651,-78.5261933586476
652,-78.5395255019222
653,-78.5528372127852
654,-78.5661285537691
655,-78.5793995871194
656,-78.5926503747969
657,-78.6058809784794
658,-78.6190914595629
659,-78.6322818791639
660,-78.6454522981211
661,-78.6586027769966
662,-78.6717333760777
663,-78.6848441553792
664,-78.6979351746441
665,-78.7110064933458
666,-78.7240581706898
667,-78.7370902656147
668,-78.7501028367947
669,-78.7630959426402
670,-78.7760696413003
671,-78.7890239906636
672,-78.8019590483603
673,-78.8148748717633
674,-78.8277715179901
675,-78.8406490439043
676,-78.8535075061165
677,-78.8663469609866
678,-78.879167464625
679,-78.8919690728938
680,-78.9047518414085
681,-78.9175158255394
682,-78.9302610804133
683,-78.9429876609144
684,-78.9556956216861
685,-78.9683850171323
686,-78.9810559014188
687,-78.9937083284748
688,-79.006342351994
689,-79.0189580254363
690,-79.0315554020289
691,-79.0441345347677
692,-79.0566954764189
693,-79.0692382795199
694,-79.0817629963808
695,-79.094269679086
696,-79.106758379495
697,-79.1192291492439
698,-79.131682039747
699,-79.1441171021974
700,-79.1565343875689
701,-79.1689339466169
702,-79.1813158298799
703,-79.1936800876802
704,-79.206026770126
705,-79.2183559271117
706,-79.2306676083198
707,-79.2429618632217
708,-79.2552387410791
709,-79.2674982909451
710,-79.2797405616652
711,-79.2919656018791
712,-79.3041734600209
713,-79.3163641843211
714,-79.3285378228072
715,-79.3406944233054
716,-79.3528340334409
717,-79.3649567006398
718,-79.3770624721298
719,-79.3891513949414
720,-79.4012235159091
721,-79.4132788816723
722,-79.4253175386765
723,-79.4373395331744
724,-79.4493449112267
725,-79.4613337187036
726,-79.4733060012856
727,-79.4852618044645
728,-79.4972011735445
729,-79.5091241536432
730,-79.5210307896929
731,-79.532921126441
732,-79.5447952084516
733,-79.5566530801063
734,-79.5684947856052
735,-79.5803203689677
736,-79.5921298740337
737,-79.6039233444648
738,-79.6157008237446
739,-79.6274623551803
740,-79.6392079819033
741,-79.6509377468703
742,-79.6626516928643
743,-79.6743498624953
744,-79.6860322982013
745,-79.6976990422496
746,-79.7093501367371
747,-79.7209856235917
748,-79.732605544573
749,-79.7442099412731
750,-79.7557988551178
751,-79.7673723273671
752,-79.7789303991166
753,-79.7904731112978
754,-79.8020005046792
755,-79.8135126198675
756,-79.8250094973079
757,-79.8364911772852
758,-79.8479576999248
759,-79.8594091051934
760,-79.8708454328996
761,-79.8822667226952
762,-79.8936730140758
763,-79.9050643463814
764,-79.9164407587976
765,-79.9278022903561
766,-79.9391489799358
767,-79.9504808662634
768,-79.961797987914
769,-79.9731003833124
770,-79.9843880907334
771,-79.9956611483029
772,-80.0069195939985
773,-80.0181634656502
774,-80.0293928009416
775,-80.04060763741
776,-80.0518080124475
777,-80.062993963302
778,-80.0741655270775
779,-80.085322740735
780,-80.0964656410934
781,-80.1075942648298
782,-80.1187086484807
783,-80.1298088284426
784,-80.1408948409725
785,-80.1519667221888
786,-80.1630245080719
787,-80.174068234465
788,-80.1850979370749
789,-80.1961136514722
790,-80.2071154130926
791,-80.2181032572373
792,-80.2290772190736
793,-80.2400373336358
794,-80.2509836358257
795,-80.2619161604132
796,-80.2728349420371
797,-80.283740015206
798,-80.2946314142983
799,-80.3055091735636
800,-80.3163733271226
801,-80.3272239089685
802,-80.338060952967
803,-80.3488844928574
804,-80.3596945622528
805,-80.3704911946411
806,-80.3812744233856
807,-80.3920442817252
808,-80.4028008027755
809,-80.4135440195292
810,-80.4242739648567
811,-80.4349906715069
812,-80.4456941721073
813,-80.4563844991651
814,-80.4670616850678
815,-80.4777257620833
816,-80.488376762361
817,-80.4990147179321
818,-80.5096396607102
819,-80.5202516224921
820,-80.5308506349581
821,-80.5414367296726
822,-80.5520099380848
823,-80.5625702915291
824,-80.5731178212261
825,-80.5836525582822
826,-80.5941745336914
827,-80.6046837783347
828,-80.6151803229814
829,-80.6256641982892
830,-80.6361354348052
831,-80.646594062966
832,-80.6570401130982
833,-80.6674736154195
834,-80.6778946000385
835,-80.6883030969558
836,-80.6986991360641
837,-80.7090827471489
838,-80.7194539598893
839,-80.7298128038578
840,-80.7401593085214
841,-80.750493503242
842,-80.7608154172767
843,-80.7711250797786
844,-80.7814225197969
845,-80.7917077662776
846,-80.8019808480642
847,-80.8122417938979
848,-80.822490632418
849,-80.8327273921628
850,-80.8429521015696
851,-80.8531647889755
852,-80.8633654826178
853,-80.8735542106342
854,-80.8837310010638
855,-80.8938958818472
856,-80.9040488808268
857,-80.9141900257477
858,-80.9243193442579
859,-80.9344368639086
860,-80.9445426121551
861,-80.9546366163568
862,-80.964718903778
863,-80.9747895015879
864,-80.9848484368616
865,-80.99489573658
866,-81.0049314276307
867,-81.014955536808
868,-81.0249680908136
869,-81.0349691162571
870,-81.0449586396561
871,-81.054936687437
872,-81.0649032859351
873,-81.0748584613951
874,-81.0848022399718
875,-81.09473464773
876,-81.1046557106454
877,-81.1145654546046
878,-81.1244639054058
879,-81.1343510887592
880,-81.1442270302871
881,-81.1540917555247
882,-81.1639452899201
883,-81.1737876588351
884,-81.1836188875452
885,-81.1934390012403
886,-81.2032480250248
887,-81.2130459839183
888,-81.2228329028558
889,-81.232608806688
890,-81.242373720182
891,-81.2521276680212
892,-81.2618706748062
893,-81.2716027650547
894,-81.2813239632021
895,-81.291034293602
896,-81.3007337805263
897,-81.3104224481656
898,-81.3201003206298
899,-81.3297674219483
900,-81.3394237760702
901,-81.349069406865
902,-81.3587043381226
903,-81.3683285935539
904,-81.377942196791
905,-81.3875451713878
906,-81.39713754082
907,-81.4067193284857
908,-81.4162905577054
909,-81.4258512517231
910,-81.4354014337056
911,-81.4449411267437
912,-81.4544703538521
913,-81.4639891379697
914,-81.4734975019604
915,-81.4829954686127
916,-81.4924830606408
917,-81.5019603006842
918,-81.5114272113086
919,-81.520883815006
920,-81.5303301341949
921,-81.5397661912207
922,-81.5491920083563
923,-81.558607607802
924,-81.5680130116859
925,-81.5774082420644
926,-81.5867933209224
927,-81.5961682701737
928,-81.605533111661
929,-81.6148878671566
930,-81.6242325583625
931,-81.6335672069106
932,-81.6428918343634
933,-81.6522064622138
934,-81.6615111118856
935,-81.6708058047341
936,-81.6800905620459
937,-81.6893654050393
938,-81.698630354865
939,-81.707885432606
940,-81.7171306592777
941,-81.7263660558289
942,-81.7355916431413
943,-81.7448074420303
944,-81.7540134732451
945,-81.763209757469
946,-81.7723963153196
947,-81.7815731673492
948,-81.7907403340451
949,-81.7998978358296
950,-81.8090456930607
951,-81.818183926032
952,-81.8273125549732
953,-81.8364316000503
954,-81.8455410813657
955,-81.8546410189587
956,-81.8637314328057
957,-81.8728123428206
958,-81.8818837688546
959,-81.890945730697
960,-81.8999982480751
961,-81.9090413406546
962,-81.91807502804
963,-81.9270993297744
964,-81.9361142653404
965,-81.9451198541596
966,-81.9541161155936
967,-81.9631030689438
968,-81.9720807334516
969,-81.9810491282991
970,-81.9900082726086
971,-81.9989581854438
972,-82.0078988858092
973,-82.0168303926508
974,-82.0257527248561
975,-82.0346659012545
976,-82.0435699406176
977,-82.0524648616592
978,-82.0613506830358
979,-82.0702274233465
980,-82.0790951011336
981,-82.0879537348827
982,-82.0968033430227
983,-82.1056439439265
984,-82.1144755559106
985,-82.123298197236
986,-82.132111886108
987,-82.1409166406765
988,-82.1497124790363
989,-82.1584994192273
990,-82.1672774792348
991,-82.1760466769893
992,-82.1848070303673
993,-82.1935585571914
994,-82.20230127523
995,-82.2110352021983
996,-82.2197603557577
997,-82.2284767535169
998,-82.2371844130312
999,-82.2458833518034
1000,-82.2545735872837
1001,-82.2632551368701
1002,-82.2719280179083
1003,-82.2805922476921
1004,-82.2892478434638
1005,-82.2978948224139
1006,-82.3065332016819
1007,-82.3151629983561
1008,-82.3237842294739
1009,-82.332396912022
1010,-82.3410010629366
1011,-82.3495966991038
1012,-82.3581838373594
1013,-82.3667624944894
1014,-82.3753326872301
1015,-82.3838944322684
1016,-82.3924477462418
1017,-82.4009926457386
1018,-82.4095291472985
1019,-82.4180572674123
1020,-82.4265770225221
1021,-82.4350884290219
1022,-82.4435915032576
1023,-82.4520862615269
1024,-82.46057272008
1025,-82.4690508951192
1026,-82.4775208027997
1027,-82.4859824592293
1028,-82.4944358804689
1029,-82.5028810825324
1030,-82.5113180813872
1031,-82.5197468929541
1032,-82.5281675331076
1033,-82.5365800176762
1034,-82.5449843624422
1035,-82.5533805831425
1036,-82.561768695468
1037,-82.5701487150646
1038,-82.5785206575325
1039,-82.5868845384273
1040,-82.5952403732594
1041,-82.6035881774945
1042,-82.6119279665539
1043,-82.6202597558144
1044,-82.6285835606086
1045,-82.6368993962252
1046,-82.6452072779088
1047,-82.6535072208606
1048,-82.6617992402379
1049,-82.6700833511549
1050,-82.6783595686825
1051,-82.6866279078486
1052,-82.6948883836382
1053,-82.7031410109935
1054,-82.7113858048143
1055,-82.719622779958
1056,-82.7278519512396
1057,-82.7360733334323
1058,-82.7442869412671
1059,-82.7524927894334
1060,-82.7606908925791
1061,-82.7688812653106
1062,-82.7770639221927
1063,-82.7852388777497
1064,-82.7934061464643
1065,-82.8015657427789
1066,-82.8097176810948
1067,-82.8178619757732
1068,-82.8259986411345
1069,-82.8341276914593
1070,-82.8422491409879
1071,-82.8503630039209
1072,-82.8584692944188
1073,-82.8665680266028
1074,-82.8746592145545
1075,-82.8827428723162
1076,-82.8908190138912
1077,-82.8988876532434
1078,-82.9069488042981
1079,-82.915002480942
1080,-82.9230486970227
1081,-82.93108746635
1082,-82.9391188026948
1083,-82.9471427197901
1084,-82.9551592313311
1085,-82.9631683509747
1086,-82.9711700923403
1087,-82.9791644690096
1088,-82.987151494527
1089,-82.9951311823992
1090,-83.0031035460962
1091,-83.0110685990506
1092,-83.0190263546581
1093,-83.0269768262778
1094,-83.034920027232
1095,-83.0428559708065
1096,-83.0507846702507
1097,-83.058706138778
1098,-83.0666203895652
1099,-83.0745274357536
1100,-83.0824272904482
1101,-83.0903199667188
1102,-83.0982054775991
1103,-83.1060838360876
1104,-83.1139550551474
1105,-83.1218191477063
1106,-83.1296761266573
1107,-83.1375260048582
1108,-83.145368795132
1109,-83.153204510267
1110,-83.1610331630169
1111,-83.1688547661011
1112,-83.1766693322045
1113,-83.1844768739779
1114,-83.192277404038
1115,-83.2000709349673
1116,-83.2078574793149
1117,-83.2156370495959
1118,-83.2234096582918
1119,-83.2311753178507
1120,-83.2389340406874
1121,-83.2466858391832
1122,-83.2544307256866
1123,-83.2621687125129
1124,-83.2698998119446
1125,-83.2776240362314
1126,-83.2853413975903
1127,-83.2930519082059
1128,-83.3007555802302
1129,-83.3084524257831
1130,-83.3161424569521
1131,-83.3238256857929
1132,-83.3315021243288
1133,-83.3391717845517
1134,-83.3468346784215
1135,-83.3544908178666
1136,-83.3621402147837
1137,-83.3697828810384
1138,-83.3774188284648
1139,-83.3850480688658
1140,-83.3926706140132
1141,-83.400286475648
1142,-83.4078956654803
1143,-83.4154981951894
1144,-83.4230940764239
1145,-83.4306833208019
1146,-83.4382659399112
1147,-83.4458419453091
1148,-83.4534113485228
1149,-83.4609741610494
1150,-83.468530394356
1151,-83.4760800598796
1152,-83.4836231690276
1153,-83.4911597331777
1154,-83.498689763678
1155,-83.506213271847
1156,-83.513730268974
1157,-83.5212407663187
1158,-83.5287447751121
1159,-83.5362423065557
1160,-83.5437333718221
1161,-83.5512179820552
1162,-83.55869614837
1163,-83.5661678818527
1164,-83.5736331935611
1165,-83.5810920945245
1166,-83.5885445957437
1167,-83.5959907081912
1168,-83.6034304428114
1169,-83.6108638105205
1170,-83.618290822207
1171,-83.625711488731
1172,-83.6331258209252
1173,-83.6405338295943
1174,-83.6479355255157
1175,-83.6553309194388
1176,-83.6627200220861
1177,-83.6701028441524
1178,-83.6774793963054
1179,-83.6848496891855
1180,-83.6922137334063
1181,-83.699571539554
1182,-83.7069231181885
1183,-83.7142684798424
1184,-83.7216076350218
1185,-83.7289405942062
1186,-83.7362673678486
1187,-83.7435879663756
1188,-83.7509024001872
1189,-83.7582106796576
1190,-83.7655128151344
1191,-83.7728088169393
1192,-83.7800986953681
1193,-83.7873824606906
1194,-83.7946601231507
1195,-83.8019316929669
1196,-83.8091971803316
1197,-83.816456595412
1198,-83.8237099483496
1199,-83.8309572492607
1200,-83.8381985082362
1201,-83.8454337353419
1202,-83.8526629406182
1203,-83.8598861340806
1204,-83.8671033257199
1205,-83.8743145255015
1206,-83.8815197433664
1207,-83.8887189892307
1208,-83.895912272986
1209,-83.9030996044992
1210,-83.9102809936128
1211,-83.9174564501448
1212,-83.9246259838891
1213,-83.9317896046152
1214,-83.9389473220685
1215,-83.9460991459704
1216,-83.9532450860181
1217,-83.960385151885
1218,-83.9675193532209
1219,-83.9746476996514
1220,-83.9817702007787
1221,-83.9888868661814
1222,-83.9959977054145
1223,-84.0031027280095
1224,-84.0102019434746
1225,-84.0172953612948
1226,-84.0243829909317
1227,-84.0314648418238
1228,-84.0385409233867
1229,-84.0456112450128
1230,-84.0526758160717
1231,-84.0597346459101
1232,-84.0667877438519
1233,-84.0738351191984
1234,-84.0808767812282
1235,-84.0879127391974
1236,-84.0949430023397
1237,-84.1019675798662
1238,-84.1089864809657
1239,-84.115999714805
1240,-84.1230072905285
1241,-84.1300092172583
1242,-84.137005504095
1243,-84.1439961601166
1244,-84.1509811943797
1245,-84.1579606159188
1246,-84.1649344337468
1247,-84.1719026568546
1248,-84.1788652942119
1249,-84.1858223547665
1250,-84.1927738474449
1251,-84.1997197811521
1252,-84.206660164772
1253,-84.2135950071667
1254,-84.2205243171777
1255,-84.2274481036249
1256,-84.2343663753073
1257,-84.2412791410029
1258,-84.2481864094687
1259,-84.255088189441
1260,-84.261984489635
1261,-84.2688753187454
1262,-84.2757606854461
1263,-84.2826405983904
1264,-84.2895150662111
1265,-84.2963840975205
1266,-84.3032477009105
1267,-84.3101058849526
1268,-84.316958658198
1269,-84.3238060291778
1270,-84.3306480064029
1271,-84.3374845983639
1272,-84.3443158135317
1273,-84.3511416603569
1274,-84.3579621472704
1275,-84.3647772826832
1276,-84.3715870749866
1277,-84.378391532552
1278,-84.3851906637314
1279,-84.3919844768568
1280,-84.3987729802411
1281,-84.4055561821775
1282,-84.4123340909397
1283,-84.4191067147823
1284,-84.4258740619404
1285,-84.43263614063
1286,-84.4393929590478
1287,-84.4461445253715
1288,-84.4528908477596
1289,-84.4596319343518
1290,-84.4663677932687
1291,-84.4730984326121
1292,-84.479823860465
1293,-84.4865440848916
1294,-84.4932591139374
1295,-84.4999689556292
1296,-84.5066736179752
1297,-84.5133731089653
1298,-84.5200674365707
1299,-84.5267566087443
1300,-84.5334406334205
1301,-84.5401195185155
1302,-84.5467932719272
1303,-84.5534619015354
1304,-84.5601254152018
1305,-84.5667838207697
1306,-84.5734371260648
1307,-84.5800853388946
1308,-84.5867284670487
1309,-84.5933665182989
1310,-84.599999500399
1311,-84.6066274210854
1312,-84.6132502880766
1313,-84.6198681090733
1314,-84.626480891759
1315,-84.6330886437993
1316,-84.6396913728425
1317,-84.6462890865194
1318,-84.6528817924436
1319,-84.659469498211
1320,-84.6660522114007
1321,-84.6726299395743
1322,-84.6792026902762
1323,-84.6857704710338
1324,-84.6923332893574
1325,-84.6988911527403
1326,-84.7054440686588
1327,-84.7119920445725
1328,-84.7185350879237
1329,-84.7250732061384
1330,-84.7316064066255
1331,-84.7381346967772
1332,-84.7446580839694
1333,-84.7511765755609
1334,-84.7576901788944
1335,-84.7641989012956
1336,-84.7707027500743
1337,-84.7772017325234
1338,-84.7836958559198
1339,-84.7901851275239
1340,-84.7966695545799
1341,-84.8031491443157
1342,-84.8096239039432
1343,-84.8160938406581
1344,-84.8225589616399
1345,-84.8290192740523
1346,-84.8354747850429
1347,-84.8419255017435
1348,-84.8483714312698
1349,-84.8548125807218
1350,-84.8612489571839
1351,-84.8676805677244
1352,-84.8741074193961
1353,-84.8805295192362
1354,-84.8869468742663
1355,-84.8933594914922
1356,-84.8997673779046
1357,-84.9061705404785
1358,-84.9125689861734
1359,-84.9189627219336
1360,-84.9253517546881
1361,-84.9317360913504
1362,-84.9381157388191
1363,-84.9444907039772
1364,-84.9508609936929
1365,-84.9572266148192
1366,-84.963587574194
1367,-84.9699438786402
1368,-84.9762955349657
1369,-84.9826425499635
1370,-84.9889849304119
1371,-84.995322683074
1372,-85.0016558146984
1373,-85.0079843320188
1374,-85.0143082417544
1375,-85.0206275506094
1376,-85.0269422652736
1377,-85.0332523924222
1378,-85.0395579387159
1379,-85.0458589108007
1380,-85.0521553153085
1381,-85.0584471588564
1382,-85.0647344480473
1383,-85.07101718947
1384,-85.0772953896985
1385,-85.0835690552931
1386,-85.0898381927995
1387,-85.0961028087494
1388,-85.1023629096605
1389,-85.1086185020361
1390,-85.1148695923656
1391,-85.1211161871247
1392,-85.1273582927746
1393,-85.133595915763
1394,-85.1398290625236
1395,-85.1460577394761
1396,-85.1522819530266
1397,-85.1585017095674
1398,-85.164717015477
1399,-85.1709278771203
1400,-85.1771343008485
1401,-85.1833362929992
1402,-85.1895338598965
1403,-85.1957270078509
1404,-85.2019157431595
1405,-85.2081000721057
1406,-85.2142800009598
1407,-85.2204555359787
1408,-85.2266266834056
1409,-85.2327934494709
1410,-85.2389558403914
1411,-85.2451138623707
1412,-85.2512675215994
1413,-85.2574168242549
1414,-85.2635617765014
1415,-85.2697023844899
1416,-85.2758386543587
1417,-85.281970592233
1418,-85.2880982042247
1419,-85.2942214964332
1420,-85.3003404749449
1421,-85.3064551458331
1422,-85.3125655151587
1423,-85.3186715889694
1424,-85.3247733733005
1425,-85.3308708741743
1426,-85.3369640976007
1427,-85.3430530495767
1428,-85.3491377360869
1429,-85.3552181631031
1430,-85.361294336585
1431,-85.3673662624793
1432,-85.3734339467205
1433,-85.3794973952306
1434,-85.3855566139194
1435,-85.391611608684
1436,-85.3976623854094
1437,-85.4037089499683
1438,-85.409751308221
1439,-85.4157894660158
1440,-85.4218234291887
1441,-85.4278532035635
1442,-85.4338787949519
1443,-85.4399002091536
1444,-85.4459174519561
1445,-85.4519305291351
1446,-85.457939446454
1447,-85.4639442096645
1448,-85.4699448245063
1449,-85.4759412967072
1450,-85.4819336319832
1451,-85.4879218360385
1452,-85.4939059145652
1453,-85.4998858732442
1454,-85.5058617177441
1455,-85.5118334537223
1456,-85.5178010868241
1457,-85.5237646226835
1458,-85.5297240669229
1459,-85.5356794251528
1460,-85.5416307029725
1461,-85.5475779059697
1462,-85.5535210397206
1463,-85.55946010979
1464,-85.5653951217312
1465,-85.5713260810863
1466,-85.5772529933859
1467,-85.5831758641494
1468,-85.5890946988848
1469,-85.5950095030889
1470,-85.6009202822473
1471,-85.6068270418344
1472,-85.6127297873134
1473,-85.6186285241364
1474,-85.6245232577444
1475,-85.6304139935674
1476,-85.6363007370242
1477,-85.6421834935227
1478,-85.6480622684599
1479,-85.6539370672216
1480,-85.6598078951829
1481,-85.6656747577079
1482,-85.6715376601499
1483,-85.6773966078514
1484,-85.6832516061439
1485,-85.6891026603484
1486,-85.6949497757749
1487,-85.7007929577228
1488,-85.7066322114809
1489,-85.7124675423273
1490,-85.7182989555292
1491,-85.7241264563436
1492,-85.7299500500167
1493,-85.7357697417843
1494,-85.7415855368713
1495,-85.7473974404927
1496,-85.7532054578526
1497,-85.7590095941448
1498,-85.7648098545527
1499,-85.7706062442493
1500,-85.7763987683974
1501,-85.7821874321492
1502,-85.7879722406467
1503,-85.7937531990219
1504,-85.7995303123962
1505,-85.805303585881
1506,-85.8110730245774
1507,-85.8168386335764
1508,-85.8226004179589
1509,-85.8283583827955
1510,-85.8341125331471
1511,-85.8398628740643
1512,-85.8456094105875
1513,-85.8513521477475
1514,-85.8570910905648
1515,-85.8628262440502
1516,-85.8685576132044
1517,-85.8742852030183
1518,-85.880009018473
1519,-85.8857290645395
1520,-85.8914453461792
1521,-85.8971578683437
1522,-85.9028666359748
1523,-85.9085716540046
1524,-85.9142729273554
1525,-85.9199704609398
1526,-85.925664259661
1527,-85.9313543284122
1528,-85.9370406720772
1529,-85.9427232955301
1530,-85.9484022036357
1531,-85.954077401249
1532,-85.9597488932154
1533,-85.9654166843712
1534,-85.971080779543
1535,-85.9767411835479
1536,-85.9823979011936
1537,-85.9880509372787
1538,-85.993700296592
1539,-85.9993459839133
1540,-86.004988004013
1541,-86.0106263616521
1542,-86.0162610615825
1543,-86.0218921085467
1544,-86.0275195072781
1545,-86.0331432625008
1546,-86.0387633789299
1547,-86.0443798612711
1548,-86.0499927142212
1549,-86.0556019424679
1550,-86.0612075506896
1551,-86.0668095435558
1552,-86.0724079257271
1553,-86.0780027018549
1554,-86.0835938765817
1555,-86.0891814545409
1556,-86.0947654403572
1557,-86.1003458386461
1558,-86.1059226540147
1559,-86.1114958910606
1560,-86.117065554373
1561,-86.1226316485321
1562,-86.1281941781094
1563,-86.1337531476675
1564,-86.1393085617603
1565,-86.1448604249331
1566,-86.1504087417222
1567,-86.1559535166555
1568,-86.1614947542521
1569,-86.1670324590225
1570,-86.1725666354684
1571,-86.1780972880832
1572,-86.1836244213515
1573,-86.1891480397495
1574,-86.1946681477447
1575,-86.2001847497961
1576,-86.2056978503545
1577,-86.2112074538618
1578,-86.2167135647518
1579,-86.2222161874496
1580,-86.2277153263722
1581,-86.2332109859279
1582,-86.2387031705169
1583,-86.2441918845309
1584,-86.2496771323532
1585,-86.2551589183592
1586,-86.2606372469154
1587,-86.2661121223807
1588,-86.2715835491053
1589,-86.2770515314313
1590,-86.2825160736928
1591,-86.2879771802154
1592,-86.2934348553167
1593,-86.2988891033064
1594,-86.3043399284856
1595,-86.3097873351478
1596,-86.315231327578
1597,-86.3206719100534
1598,-86.3261090868432
1599,-86.3315428622084
1600,-86.3369732404022
1601,-86.3424002256697
1602,-86.3478238222481
1603,-86.3532440343666
1604,-86.3586608662466
1605,-86.3640743221016
1606,-86.369484406137
1607,-86.3748911225506
1608,-86.3802944755324
1609,-86.3856944692643
1610,-86.3910911079207
1611,-86.3964843956681
1612,-86.4018743366652
1613,-86.407260935063
1614,-86.4126441950048
1615,-86.4180241206262
1616,-86.4234007160551
1617,-86.4287739854118
1618,-86.4341439328088
1619,-86.4395105623512
1620,-86.4448738781364
1621,-86.450233884254
1622,-86.4555905847865
1623,-86.4609439838084
1624,-86.4662940853869
1625,-86.4716408935816
1626,-86.4769844124447
1627,-86.4823246460209
1628,-86.4876615983474
1629,-86.4929952734539
1630,-86.4983256753629
1631,-86.5036528080893
1632,-86.5089766756406
1633,-86.5142972820171
1634,-86.5196146312117
1635,-86.5249287272098
1636,-86.5302395739898
1637,-86.5355471755226
1638,-86.5408515357717
1639,-86.5461526586937
1640,-86.5514505482377
1641,-86.5567452083456
1642,-86.5620366429522
1643,-86.567324855985
1644,-86.5726098513644
1645,-86.5778916330036
1646,-86.5831702048088
1647,-86.5884455706788
1648,-86.5937177345057
1649,-86.5989867001741
1650,-86.6042524715619
1651,-86.6095150525396
1652,-86.614774446971
1653,-86.6200306587127
1654,-86.6252836916143
1655,-86.6305335495185
1656,-86.635780236261
1657,-86.6410237556705
1658,-86.6462641115689
1659,-86.651501307771
1660,-86.6567353480848
1661,-86.6619662363116
1662,-86.6671939762456
1663,-86.6724185716741
1664,-86.6776400263779
1665,-86.6828583441305
1666,-86.6880735286991
1667,-86.6932855838438
1668,-86.6984945133181
1669,-86.7037003208687
1670,-86.7089030102354
1671,-86.7141025851516
1672,-86.7192990493437
1673,-86.7244924065316
1674,-86.7296826604286
1675,-86.734869814741
1676,-86.7400538731689
1677,-86.7452348394055
1678,-86.7504127171374
1679,-86.7555875100447
1680,-86.760759221801
1681,-86.7659278560732
1682,-86.7710934165216
1683,-86.7762559068002
1684,-86.7814153305564
1685,-86.7865716914309
1686,-86.7917249930582
1687,-86.7968752390662
1688,-86.8020224330765
1689,-86.8071665787039
1690,-86.8123076795572
1691,-86.8174457392386
1692,-86.8225807613438
1693,-86.8277127494624
1694,-86.8328417071775
1695,-86.8379676380658
1696,-86.8430905456976
1697,-86.8482104336373
1698,-86.8533273054424
1699,-86.8584411646647
1700,-86.8635520148492
1701,-86.8686598595351
1702,-86.8737647022551
1703,-86.8788665465358
1704,-86.8839653958974
1705,-86.8890612538541
1706,-86.8941541239138
1707,-86.8992440095784
1708,-86.9043309143435
1709,-86.9094148416985
1710,-86.9144957951268
1711,-86.9195737781057
1712,-86.9246487941064
1713,-86.929720846594
1714,-86.9347899390273
1715,-86.9398560748595
1716,-86.9449192575375
1717,-86.9499794905021
1718,-86.9550367771882
1719,-86.9600911210248
1720,-86.9651425254347
1721,-86.9701909938349
1722,-86.9752365296365
1723,-86.9802791362443
1724,-86.9853188170576
1725,-86.9903555754696
1726,-86.9953894148676
1727,-87.0004203386329
1728,-87.0054483501412
1729,-87.0104734527622
1730,-87.0154956498597
1731,-87.0205149447916
1732,-87.0255313409103
1733,-87.0305448415621
1734,-87.0355554500876
1735,-87.0405631698216
1736,-87.0455680040932
1737,-87.0505699562257
1738,-87.0555690295367
1739,-87.060565227338
1740,-87.0655585529357
1741,-87.0705490096304
1742,-87.0755366007166
1743,-87.0805213294836
1744,-87.0855031992147
1745,-87.0904822131877
1746,-87.0954583746748
1747,-87.1004316869424
1748,-87.1054021532514
1749,-87.1103697768573
1750,-87.1153345610096
1751,-87.1202965089527
1752,-87.125255623925
1753,-87.1302119091596
1754,-87.1351653678842
1755,-87.1401160033206
1756,-87.1450638186854
1757,-87.1500088171896
1758,-87.1549510020388
1759,-87.159890376433
1760,-87.1648269435667
1761,-87.1697607066293
1762,-87.1746916688043
1763,-87.1796198332702
1764,-87.1845452031998
1765,-87.1894677817606
1766,-87.1943875721147
1767,-87.199304577419
1768,-87.2042188008248
1769,-87.2091302454782
1770,-87.2140389145199
1771,-87.2189448110852
1772,-87.2238479383044
1773,-87.2287482993021
1774,-87.2336458971979
1775,-87.238540735106
1776,-87.2434328161354
1777,-87.2483221433898
1778,-87.2532087199676
1779,-87.2580925489623
1780,-87.2629736334616
1781,-87.2678519765486
1782,-87.2727275813009
1783,-87.2776004507908
1784,-87.2824705880858
1785,-87.287337996248
1786,-87.2922026783343
1787,-87.2970646373966
1788,-87.3019238764817
1789,-87.3067803986312
1790,-87.3116342068816
1791,-87.3164853042644
1792,-87.3213336938059
1793,-87.3261793785274
1794,-87.3310223614452
1795,-87.3358626455705
1796,-87.3407002339095
1797,-87.3455351294632
1798,-87.3503673352279
1799,-87.3551968541948
1800,-87.3600236893499
1801,-87.3648478436744
1802,-87.3696693201446
1803,-87.3744881217318
1804,-87.3793042514022
1805,-87.3841177121173
1806,-87.3889285068335
1807,-87.3937366385024
1808,-87.3985421100706
1809,-87.40334492448
1810,-87.4081450846674
1811,-87.4129425935649
1812,-87.4177374540996
1813,-87.4225296691939
1814,-87.4273192417653
1815,-87.4321061747264
1816,-87.4368904709851
1817,-87.4416721334444
1818,-87.4464511650027
1819,-87.4512275685534
1820,-87.4560013469852
1821,-87.4607725031821
1822,-87.4655410400233
1823,-87.4703069603833
1824,-87.4750702671317
1825,-87.4798309631336
1826,-87.4845890512493
1827,-87.4893445343345
1828,-87.49409741524
1829,-87.4988476968121
1830,-87.5035953818923
1831,-87.5083404733177
1832,-87.5130829739204
1833,-87.5178228865281
1834,-87.5225602139638
1835,-87.5272949590459
1836,-87.5320271245882
1837,-87.5367567133999
1838,-87.5414837282856
1839,-87.5462081720453
1840,-87.5509300474745
1841,-87.555649357364
1842,-87.5603661045004
1843,-87.5650802916652
1844,-87.5697919216359
1845,-87.5745009971853
1846,-87.5792075210816
1847,-87.5839114960886
1848,-87.5886129249655
1849,-87.5933118104672
1850,-87.598008155344
1851,-87.6027019623418
1852,-87.6073932342021
1853,-87.6120819736617
1854,-87.6167681834533
1855,-87.621451866305
1856,-87.6261330249406
1857,-87.6308116620794
1858,-87.6354877804362
1859,-87.6401613827217
1860,-87.6448324716421
1861,-87.6495010498991
1862,-87.6541671201902
1863,-87.6588306852086
1864,-87.663491747643
1865,-87.6681503101779
1866,-87.6728063754934
1867,-87.6774599462653
1868,-87.6821110251652
1869,-87.6867596148604
1870,-87.6914057180137
1871,-87.6960493372839
1872,-87.7006904753255
1873,-87.7053291347885
1874,-87.7099653183189
1875,-87.7145990285585
1876,-87.7192302681447
1877,-87.7238590397107
1878,-87.7284853458856
1879,-87.7331091892943
1880,-87.7377305725573
1881,-87.7423494982913
1882,-87.7469659691085
1883,-87.751579987617
1884,-87.7561915564209
1885,-87.76080067812
1886,-87.7654073553099
1887,-87.7700115905824
1888,-87.7746133865248
1889,-87.7792127457204
1890,-87.7838096707486
1891,-87.7884041641845
1892,-87.7929962285992
1893,-87.7975858665597
1894,-87.8021730806288
1895,-87.8067578733656
1896,-87.8113402473247
1897,-87.815920205057
1898,-87.8204977491092
1899,-87.8250728820241
1900,-87.8296456063403
1901,-87.8342159245926
1902,-87.8387838393116
1903,-87.8433493530241
1904,-87.8479124682529
1905,-87.8524731875165
1906,-87.8570315133299
1907,-87.8615874482039
1908,-87.8661409946453
1909,-87.8706921551571
1910,-87.8752409322383
1911,-87.879787328384
1912,-87.8843313460854
1913,-87.8888729878297
1914,-87.8934122561002
1915,-87.8979491533766
1916,-87.9024836821343
1917,-87.907015844845
1918,-87.9115456439766
1919,-87.9160730819932
1920,-87.9205981613547
1921,-87.9251208845176
1922,-87.9296412539343
1923,-87.9341592720533
1924,-87.9386749413196
1925,-87.9431882641741
1926,-87.9476992430541
1927,-87.9522078803928
1928,-87.95671417862
1929,-87.9612181401614
1930,-87.9657197674392
1931,-87.9702190628716
1932,-87.9747160288732
1933,-87.9792106678548
1934,-87.9837029822234
1935,-87.9881929743823
1936,-87.9926806467312
1937,-87.997166001666
1938,-88.0016490415787
1939,-88.0061297688579
1940,-88.0106081858883
1941,-88.015084295051
1942,-88.0195580987235
1943,-88.0240295992794
1944,-88.0284987990889
1945,-88.0329657005183
1946,-88.0374303059304
1947,-88.0418926176844
1948,-88.0463526381357
1949,-88.0508103696362
1950,-88.0552658145341
1951,-88.0597189751741
1952,-88.0641698538972
1953,-88.0686184530408
1954,-88.0730647749388
1955,-88.0775088219215
1956,-88.0819505963154
1957,-88.0863901004438
1958,-88.0908273366261
1959,-88.0952623071785
1960,-88.0996950144133
1961,-88.1041254606394
1962,-88.1085536481623
1963,-88.1129795792839
1964,-88.1174032563024
1965,-88.1218246815127
1966,-88.1262438572061
1967,-88.1306607856705
1968,-88.1350754691902
1969,-88.1394879100461
1970,-88.1438981105156
1971,-88.1483060728726
1972,-88.1527117993876
1973,-88.1571152923276
1974,-88.1615165539561
1975,-88.1659155865333
1976,-88.1703123923159
1977,-88.1747069735572
1978,-88.179099332507
1979,-88.1834894714117
1980,-88.1878773925144
1981,-88.1922630980547
1982,-88.1966465902689
1983,-88.2010278713898
1984,-88.205406943647
1985,-88.2097838092664
1986,-88.214158470471
1987,-88.21853092948
1988,-88.2229011885096
1989,-88.2272692497725
1990,-88.2316351154779
1991,-88.2359987878319
1992,-88.2403602690373
1993,-88.2447195612935
1994,-88.2490766667965
1995,-88.2534315877391
1996,-88.2577843263108
1997,-88.2621348846978
1998,-88.266483265083
1999,-88.2708294696461
2000,-88.2751735005634
2001,-88.279515360008
2002,-88.2838550501497
2003,-88.2881925731553
2004,-88.2925279311879
2005,-88.2968611264078
2006,-88.3011921609717
2007,-88.3055210370335
2008,-88.3098477567434
2009,-88.3141723222487
2010,-88.3184947356935
2011,-88.3228149992186
2012,-88.3271331149615
2013,-88.3314490850568
2014,-88.3357629116357
2015,-88.3400745968263
2016,-88.3443841427535
2017,-88.3486915515391
2018,-88.3529968253016
2019,-88.3572999661565
2020,-88.3616009762162
2021,-88.3658998575898
2022,-88.3701966123834
2023,-88.3744912426998
2024,-88.378783750639
2025,-88.3830741382975
2026,-88.387362407769
2027,-88.3916485611439
2028,-88.3959326005097
2029,-88.4002145279507
2030,-88.404494345548
2031,-88.4087720553799
2032,-88.4130476595214
2033,-88.4173211600445
2034,-88.4215925590183
2035,-88.4258618585085
2036,-88.4301290605782
2037,-88.434394167287
2038,-88.4386571806919
2039,-88.4429181028465
2040,-88.4471769358017
2041,-88.4514336816052
2042,-88.4556883423016
2043,-88.4599409199327
2044,-88.4641914165372
2045,-88.468439834151
2046,-88.4726861748066
2047,-88.4769304405339
2048,-88.4811726333596
2049,-88.4854127553077
2050,-88.4896508083988
2051,-88.4938867946511
2052,-88.4981207160793
2053,-88.5023525746956
2054,-88.5065823725089
2055,-88.5108101115255
2056,-88.5150357937485
2057,-88.5192594211782
2058,-88.523480995812
2059,-88.5277005196444
2060,-88.5319179946668
2061,-88.536133422868
2062,-88.5403468062337
2063,-88.5445581467468
2064,-88.5487674463872
2065,-88.5529747071321
2066,-88.5571799309558
2067,-88.5613831198295
2068,-88.5655842757218
2069,-88.5697834005984
2070,-88.5739804964221
2071,-88.5781755651528
2072,-88.5823686087477
2073,-88.586559629161
2074,-88.5907486283442
2075,-88.594935608246
2076,-88.5991205708121
2077,-88.6033035179857
2078,-88.6074844517069
2079,-88.6116633739131
2080,-88.615840286539
2081,-88.6200151915163
2082,-88.6241880907741
2083,-88.6283589862387
2084,-88.6325278798335
2085,-88.6366947734793
2086,-88.640859669094
2087,-88.6450225685928
2088,-88.6491834738882
2089,-88.6533423868899
2090,-88.6574993095048
2091,-88.6616542436372
2092,-88.6658071911885
2093,-88.6699581540575
2094,-88.6741071341402
2095,-88.67825413333
2096,-88.6823991535175
2097,-88.6865421965906
2098,-88.6906832644345
2099,-88.6948223589318
2100,-88.6989594819621
2101,-88.7030946354028
2102,-88.7072278211282
2103,-88.7113590410102
2104,-88.7154882969178
2105,-88.7196155907175
2106,-88.7237409242731
2107,-88.7278642994458
2108,-88.7319857180939
2109,-88.7361051820735
2110,-88.7402226932376
2111,-88.7443382534369
2112,-88.7484518645192
2113,-88.75256352833
2114,-88.7566732467119
2115,-88.760781021505
2116,-88.7648868545467
2117,-88.768990747672
2118,-88.7730927027131
2119,-88.7771927214996
2120,-88.7812908058588
2121,-88.785386957615
2122,-88.7894811785902
2123,-88.7935734706037
2124,-88.7976638354724
2125,-88.8017522750103
2126,-88.8058387910293
2127,-88.8099233853383
2128,-88.814006059744
2129,-88.8180868160502
2130,-88.8221656560585
2131,-88.8262425815678
2132,-88.8303175943744
2133,-88.8343906962723
2134,-88.8384618890528
2135,-88.8425311745046
2136,-88.8465985544141
2137,-88.8506640305651
2138,-88.8547276047389
2139,-88.8587892787143
2140,-88.8628490542676
2141,-88.8669069331725
2142,-88.8709629172005
2143,-88.8750170081203
2144,-88.8790692076984
2145,-88.8831195176986
2146,-88.8871679398824
2147,-88.8912144760087
2148,-88.8952591278341
2149,-88.8993018971126
2150,-88.9033427855959
2151,-88.907381795033
2152,-88.9114189271708
2153,-88.9154541837535
2154,-88.919487566523
2155,-88.9235190772187
2156,-88.9275487175778
2157,-88.9315764893346
2158,-88.9356023942216
2159,-88.9396264339684
2160,-88.9436486103024
2161,-88.9476689249486
2162,-88.9516873796296
2163,-88.9557039760656
2164,-88.9597187159744
2165,-88.9637316010714
2166,-88.9677426330698
2167,-88.9717518136801
2168,-88.9757591446107
2169,-88.9797646275676
2170,-88.9837682642543
2171,-88.9877700563721
2172,-88.9917700056199
2173,-88.9957681136942
2174,-88.9997643822893
2175,-89.0037588130969
2176,-89.0077514078066
2177,-89.0117421681056
2178,-89.0157310956789
2179,-89.0197181922089
2180,-89.0237034593758
2181,-89.0276868988578
2182,-89.0316685123302
2183,-89.0356483014665
2184,-89.0396262679377
2185,-89.0436024134126
2186,-89.0475767395574
2187,-89.0515492480365
2188,-89.0555199405116
2189,-89.0594888186424
2190,-89.0634558840861
2191,-89.0674211384978
2192,-89.0713845835304
2193,-89.0753462208342
2194,-89.0793060520576
2195,-89.0832640788466
2196,-89.0872203028448
2197,-89.091174725694
2198,-89.0951273490332
2199,-89.0990781744996
2200,-89.1030272037279
2201,-89.1069744383507
2202,-89.1109198799984
2203,-89.1148635302991
2204,-89.1188053908787
2205,-89.1227454633609
2206,-89.1266837493672
2207,-89.1306202505169
2208,-89.134554968427
2209,-89.1384879047124
2210,-89.142419060986
2211,-89.146348438858
2212,-89.150276039937
2213,-89.1542018658289
2214,-89.1581259181378
2215,-89.1620481984655
2216,-89.1659687084116
2217,-89.1698874495735
2218,-89.1738044235466
2219,-89.1777196319239
2220,-89.1816330762965
2221,-89.1855447582532
2222,-89.1894546793807
2223,-89.1933628412636
2224,-89.1972692454841
2225,-89.2011738936228
2226,-89.2050767872575
2227,-89.2089779279645
2228,-89.2128773173176
2229,-89.2167749568885
2230,-89.220670848247
2231,-89.2245649929605
2232,-89.2284573925946
2233,-89.2323480487125
2234,-89.2362369628756
2235,-89.2401241366428
2236,-89.2440095715715
2237,-89.2478932692163
2238,-89.2517752311304
2239,-89.2556554588644
2240,-89.259533953967
2241,-89.263410717985
2242,-89.2672857524628
2243,-89.2711590589431
2244,-89.2750306389662
2245,-89.2789004940706
2246,-89.2827686257925
2247,-89.2866350356663
2248,-89.2904997252242
2249,-89.2943626959964
2250,-89.298223949511
2251,-89.3020834872941
2252,-89.3059413108699
2253,-89.3097974217604
2254,-89.3136518214855
2255,-89.3175045115633
2256,-89.3213554935098
2257,-89.325204768839
2258,-89.3290523390627
2259,-89.332898205691
2260,-89.3367423702318
2261,-89.3405848341909
2262,-89.3444255990725
2263,-89.3482646663783
2264,-89.3521020376084
2265,-89.3559377142608
2266,-89.3597716978313
2267,-89.3636039898141
2268,-89.3674345917011
2269,-89.3712635049825
2270,-89.3750907311462
2271,-89.3789162716785
2272,-89.3827401280634
2273,-89.3865623017832
2274,-89.3903827943181
2275,-89.3942016071464
2276,-89.3980187417444
2277,-89.4018341995866
2278,-89.4056479821454
2279,-89.4094600908913
2280,-89.4132705272928
2281,-89.4170792928167
2282,-89.4208863889277
2283,-89.4246918170884
2284,-89.42849557876
2285,-89.4322976754011
2286,-89.436098108469
2287,-89.4398968794187
2288,-89.4436939897035
2289,-89.4474894407746
2290,-89.4512832340815
2291,-89.4550753710717
2292,-89.4588658531908
2293,-89.4626546818825
2294,-89.4664418585887
2295,-89.4702273847494
2296,-89.4740112618025
2297,-89.4777934911843
2298,-89.4815740743291
2299,-89.4853530126693
2300,-89.4891303076356
2301,-89.4929059606566
2302,-89.4966799731592
2303,-89.5004523465684
2304,-89.5042230823072
2305,-89.5079921817971
2306,-89.5117596464574
2307,-89.5155254777056
2308,-89.5192896769576
2309,-89.5230522456273
2310,-89.5268131851266
2311,-89.5305724968659
2312,-89.5343301822536
2313,-89.5380862426961
2314,-89.5418406795984
2315,-89.5455934943632
2316,-89.5493446883917
2317,-89.5530942630833
2318,-89.5568422198353
2319,-89.5605885600435
2320,-89.5643332851017
2321,-89.5680763964021
2322,-89.5718178953348
2323,-89.5755577832885
2324,-89.5792960616496
2325,-89.5830327318032
2326,-89.5867677951323
2327,-89.5905012530183
2328,-89.5942331068408
2329,-89.5979633579774
2330,-89.6016920078041
2331,-89.6054190576953
2332,-89.6091445090233
2333,-89.6128683631588
2334,-89.6165906214708
2335,-89.6203112853264
2336,-89.624030356091
2337,-89.6277478351283
2338,-89.6314637238002
2339,-89.6351780234668
2340,-89.6388907354866
2341,-89.6426018612162
2342,-89.6463114020106
2343,-89.650019359223
2344,-89.6537257342048
2345,-89.6574305283058
2346,-89.661133742874
2347,-89.6648353792556
2348,-89.6685354387953
2349,-89.6722339228359
2350,-89.6759308327185
2351,-89.6796261697825
2352,-89.6833199353658
2353,-89.6870121308042
2354,-89.6907027574321
2355,-89.694391816582
2356,-89.698079309585
2357,-89.7017652377702
2358,-89.7054496024652
2359,-89.7091324049956
2360,-89.7128136466859
2361,-89.7164933288583
2362,-89.7201714528337
2363,-89.7238480199311
2364,-89.7275230314681
2365,-89.7311964887603
2366,-89.734868393122
2367,-89.7385387458654
2368,-89.7422075483014
2369,-89.745874801739
2370,-89.7495405074858
2371,-89.7532046668475
2372,-89.7568672811283
2373,-89.7605283516305
2374,-89.7641878796552
2375,-89.7678458665015
2376,-89.7715023134669
2377,-89.7751572218474
2378,-89.7788105929372
2379,-89.7824624280291
2380,-89.786112728414
2381,-89.7897614953813
2382,-89.7934087302189
2383,-89.7970544342129
2384,-89.8006986086477
2385,-89.8043412548064
2386,-89.8079823739702
2387,-89.8116219674188
2388,-89.8152600364304
2389,-89.8188965822813
2390,-89.8225316062465
2391,-89.8261651095992
2392,-89.8297970936112
2393,-89.8334275595525
2394,-89.8370565086916
2395,-89.8406839422954
2396,-89.8443098616292
2397,-89.8479342679568
2398,-89.8515571625403
2399,-89.8551785466404
2400,-89.8587984215159
2401,-89.8624167884243
2402,-89.8660336486215
2403,-89.8696490033617
2404,-89.8732628538978
2405,-89.8768752014808
2406,-89.8804860473603
2407,-89.8840953927843
2408,-89.8877032389995
2409,-89.8913095872506
2410,-89.8949144387811
2411,-89.8985177948328
2412,-89.902119656646
2413,-89.9057200254595
2414,-89.9093189025104
2415,-89.9129162890344
2416,-89.9165121862656
2417,-89.9201065954368
2418,-89.9236995177788
2419,-89.9272909545213
2420,-89.9308809068924
2421,-89.9344693761184
2422,-89.9380563634244
2423,-89.9416418700339
2424,-89.9452258971687
2425,-89.9488084460494
2426,-89.9523895178948
2427,-89.9559691139224
2428,-89.9595472353481
2429,-89.9631238833864
2430,-89.96669905925
2431,-89.9702727641505
2432,-89.9738449992977
2433,-89.9774157659001
2434,-89.9809850651647
2435,-89.9845528982968
2436,-89.9881192665005
2437,-89.9916841709782
2438,-89.995247612931
2439,-89.9988095935584
2440,-90.0023701140583
2441,-90.0059291756275
2442,-90.009486779461
2443,-90.0130429267525
2444,-90.0165976186941
2445,-90.0201508564765
2446,-90.0237026412891
2447,-90.0272529743195
2448,-90.0308018567542
2449,-90.034349289778
2450,-90.0378952745744
2451,-90.0414398123253
2452,-90.0449829042113
2453,-90.0485245514115
2454,-90.0520647551035
2455,-90.0556035164635
2456,-90.0591408366664
2457,-90.0626767168854
2458,-90.0662111582925
2459,-90.0697441620581
2460,-90.0732757293513
2461,-90.0768058613398
2462,-90.0803345591897
2463,-90.0838618240658
2464,-90.0873876571315
2465,-90.0909120595487
2466,-90.094435032478
2467,-90.0979565770785
2468,-90.1014766945078
2469,-90.1049953859224
2470,-90.1085126524771
2471,-90.1120284953253
2472,-90.1155429156193
2473,-90.1190559145097
2474,-90.1225674931458
2475,-90.1260776526755
2476,-90.1295863942454
2477,-90.1330937190005
2478,-90.1365996280846
2479,-90.1401041226402
2480,-90.1436072038081
2481,-90.1471088727279
2482,-90.150609130538
2483,-90.154107978375
2484,-90.1576054173746
2485,-90.1611014486708
2486,-90.1645960733963
2487,-90.1680892926825
2488,-90.1715811076594
2489,-90.1750715194556
2490,-90.1785605291985
2491,-90.1820481380139
2492,-90.1855343470264
2493,-90.1890191573592
2494,-90.1925025701342
2495,-90.1959845864719
2496,-90.1994652074915
2497,-90.2029444343107
2498,-90.2064222680461
2499,-90.2098987098128
2500,-90.2133737607245
2501,-90.2168474218938
2502,-90.2203196944318
2503,-90.2237905794482
2504,-90.2272600780516
2505,-90.230728191349
2506,-90.2341949204464
2507,-90.2376602664481
2508,-90.2411242304573
2509,-90.244586813576
2510,-90.2480480169045
2511,-90.2515078415422
2512,-90.2549662885869
2513,-90.2584233591353
2514,-90.2618790542825
2515,-90.2653333751227
2516,-90.2687863227484
2517,-90.272237898251
2518,-90.2756881027206
2519,-90.279136937246
2520,-90.2825844029146
2521,-90.2860305008127
2522,-90.289475232025
2523,-90.2929185976352
2524,-90.2963605987257
2525,-90.2998012363774
2526,-90.30324051167
2527,-90.306678425682
2528,-90.3101149794907
2529,-90.3135501741718
2530,-90.3169840108001
2531,-90.3204164904488
2532,-90.3238476141901
2533,-90.3272773830947
2534,-90.3307057982322
2535,-90.3341328606708
2536,-90.3375585714776
2537,-90.3409829317184
2538,-90.3444059424575
2539,-90.3478276047582
2540,-90.3512479196825
2541,-90.3546668882911
2542,-90.3580845116435
2543,-90.3615007907979
2544,-90.3649157268113
2545,-90.3683293207393
2546,-90.3717415736365
2547,-90.3751524865561
2548,-90.37856206055
2549,-90.3819702966691
2550,-90.3853771959628
2551,-90.3887827594796
2552,-90.3921869882662
2553,-90.3955898833688
2554,-90.3989914458317
2555,-90.4023916766984
2556,-90.405790577011
2557,-90.4091881478105
2558,-90.4125843901364
2559,-90.4159793050274
2560,-90.4193728935207
2561,-90.4227651566523
2562,-90.4261560954571
2563,-90.4295457109686
2564,-90.4329340042193
2565,-90.4363209762404
2566,-90.4397066280619
2567,-90.4430909607126
2568,-90.4464739752201
2569,-90.4498556726107
2570,-90.4532360539096
2571,-90.456615120141
2572,-90.4599928723274
2573,-90.4633693114907
2574,-90.4667444386511
2575,-90.4701182548279
2576,-90.4734907610392
2577,-90.4768619583018
2578,-90.4802318476314
2579,-90.4836004300425
2580,-90.4869677065483
2581,-90.4903336781611
2582,-90.4936983458918
2583,-90.4970617107501
2584,-90.5004237737447
2585,-90.503784535883
2586,-90.5071439981712
2587,-90.5105021616146
2588,-90.513859027217
2589,-90.5172145959812
2590,-90.5205688689088
2591,-90.5239218470002
2592,-90.5272735312549
2593,-90.5306239226708
2594,-90.533973022245
2595,-90.5373208309733
2596,-90.5406673498504
2597,-90.5440125798698
2598,-90.5473565220239
2599,-90.550699177304
2600,-90.5540405467001
2601,-90.5573806312012
2602,-90.5607194317951
2603,-90.5640569494685
2604,-90.5673931852068
2605,-90.5707281399946
2606,-90.5740618148151
2607,-90.5773942106503
2608,-90.5807253284814
2609,-90.5840551692882
2610,-90.5873837340494
2611,-90.5907110237426
2612,-90.5940370393445
2613,-90.5973617818303
2614,-90.6006852521743
2615,-90.6040074513496
2616,-90.6073283803283
2617,-90.6106480400814
2618,-90.6139664315785
2619,-90.6172835557884
2620,-90.6205994136787
2621,-90.6239140062158
2622,-90.6272273343651
2623,-90.6305393990908
2624,-90.6338502013562
2625,-90.6371597421233
2626,-90.640468022353
2627,-90.6437750430051
2628,-90.6470808050386
2629,-90.650385309411
2630,-90.6536885570789
2631,-90.6569905489978
2632,-90.6602912861221
2633,-90.6635907694051
2634,-90.6668889997991
2635,-90.6701859782551
2636,-90.6734817057232
2637,-90.6767761831524
2638,-90.6800694114907
2639,-90.6833613916847
2640,-90.6866521246804
2641,-90.6899416114222
2642,-90.6932298528539
2643,-90.696516849918
2644,-90.6998026035558
2645,-90.7030871147078
2646,-90.7063703843134
2647,-90.7096524133107
2648,-90.712933202637
2649,-90.7162127532284
2650,-90.7194910660199
2651,-90.7227681419456
2652,-90.7260439819385
2653,-90.7293185869303
2654,-90.7325919578521
2655,-90.7358640956335
2656,-90.7391350012033
2657,-90.7424046754893
2658,-90.745673119418
2659,-90.7489403339151
2660,-90.7522063199051
2661,-90.7554710783115
2662,-90.7587346100569
2663,-90.7619969160626
2664,-90.765257997249
2665,-90.7685178545356
2666,-90.7717764888406
2667,-90.7750339010813
2668,-90.778290092174
2669,-90.7815450630339
2670,-90.7847988145753
2671,-90.7880513477112
2672,-90.7913026633539
2673,-90.7945527624145
2674,-90.7978016458031
2675,-90.8010493144287
2676,-90.8042957691995
2677,-90.8075410110224
2678,-90.8107850408035
2679,-90.8140278594479
2680,-90.8172694678595
2681,-90.8205098669413
2682,-90.8237490575953
2683,-90.8269870407225
2684,-90.8302238172228
2685,-90.8334593879952
2686,-90.8366937539377
2687,-90.8399269159471
2688,-90.8431588749195
2689,-90.8463896317498
2690,-90.8496191873319
2691,-90.8528475425588
2692,-90.8560746983225
2693,-90.859300655514
2694,-90.8625254150231
2695,-90.8657489777389
2696,-90.8689713445494
2697,-90.8721925163416
2698,-90.8754124940015
2699,-90.8786312784141
2700,-90.8818488704635
2701,-90.8850652710328
2702,-90.888280481004
2703,-90.8914945012583
2704,-90.8947073326757
2705,-90.8979189761355
2706,-90.9011294325158
2707,-90.9043387026939
2708,-90.9075467875459
2709,-90.9107536879471
2710,-90.9139594047719
2711,-90.9171639388935
2712,-90.9203672911843
2713,-90.9235694625157
2714,-90.9267704537581
2715,-90.9299702657811
2716,-90.933168899453
2717,-90.9363663556416
2718,-90.9395626352133
2719,-90.9427577390338
2720,-90.9459516679677
2721,-90.9491444228789
2722,-90.9523360046301
2723,-90.955526414083
2724,-90.9587156520987
2725,-90.961903719537
2726,-90.9650906172568
2727,-90.9682763461163
2728,-90.9714609069726
2729,-90.9746443006817
2730,-90.9778265280989
2731,-90.9810075900784
2732,-90.9841874874737
2733,-90.987366221137
2734,-90.9905437919198
2735,-90.9937202006727
2736,-90.9968954482453
2737,-91.0000695354862
2738,-91.0032424632432
2739,-91.006414232363
2740,-91.0095848436915
2741,-91.0127542980737
2742,-91.0159225963536
2743,-91.0190897393743
2744,-91.022255727978
2745,-91.025420563006
2746,-91.0285842452985
2747,-91.031746775695
2748,-91.034908155034
2749,-91.0380683841531
2750,-91.041227463889
2751,-91.0443853950774
2752,-91.0475421785532
2753,-91.0506978151503
2754,-91.0538523057018
2755,-91.0570056510398
2756,-91.0601578519955
2757,-91.0633089093992
2758,-91.0664588240804
2759,-91.0696075968674
2760,-91.0727552285881
2761,-91.075901720069
2762,-91.079047072136
2763,-91.082191285614
2764,-91.085334361327
2765,-91.0884763000981
2766,-91.0916171027496
2767,-91.0947567701028
2768,-91.0978953029782
2769,-91.1010327021952
2770,-91.1041689685727
2771,-91.1073041029284
2772,-91.1104381060791
2773,-91.113570978841
2774,-91.1167027220291
2775,-91.1198333364576
2776,-91.1229628229401
2777,-91.1260911822889
2778,-91.1292184153157
2779,-91.1323445228312
2780,-91.1354695056453
2781,-91.1385933645669
2782,-91.1417161004043
2783,-91.1448377139646
2784,-91.1479582060542
2785,-91.1510775774787
2786,-91.1541958290426
2787,-91.1573129615498
2788,-91.1604289758032
2789,-91.1635438726047
2790,-91.1666576527557
2791,-91.1697703170564
2792,-91.1728818663062
2793,-91.1759923013038
2794,-91.179101622847
2795,-91.1822098317326
2796,-91.1853169287566
2797,-91.1884229147143
2798,-91.1915277903999
2799,-91.194631556607
2800,-91.1977342141281
2801,-91.2008357637551
2802,-91.2039362062789
2803,-91.2070355424895
2804,-91.2101337731762
2805,-91.2132308991274
2806,-91.2163269211306
2807,-91.2194218399725
2808,-91.2225156564391
2809,-91.2256083713153
2810,-91.2286999853853
2811,-91.2317904994326
2812,-91.2348799142395
2813,-91.2379682305878
2814,-91.2410554492583
2815,-91.244141571031
2816,-91.2472265966852
2817,-91.2503105269992
2818,-91.2533933627505
2819,-91.2564751047158
2820,-91.259555753671
2821,-91.2626353103911
2822,-91.2657137756503
2823,-91.2687911502221
2824,-91.2718674348791
2825,-91.2749426303929
2826,-91.2780167375345
2827,-91.2810897570741
2828,-91.284161689781
2829,-91.2872325364236
2830,-91.2903022977696
2831,-91.2933709745858
2832,-91.2964385676384
2833,-91.2995050776925
2834,-91.3025705055126
2835,-91.3056348518623
2836,-91.3086981175043
2837,-91.3117603032008
2838,-91.3148214097128
2839,-91.3178814378009
2840,-91.3209403882245
2841,-91.3239982617425
2842,-91.3270550591128
2843,-91.3301107810926
2844,-91.3331654284383
2845,-91.3362190019056
2846,-91.3392715022491
2847,-91.3423229302228
2848,-91.3453732865801
2849,-91.3484225720733
2850,-91.3514707874539
2851,-91.354517933473
2852,-91.3575640108803
2853,-91.3606090204253
2854,-91.3636529628563
2855,-91.3666958389211
2856,-91.3697376493665
2857,-91.3727783949386
2858,-91.3758180763828
2859,-91.3788566944435
2860,-91.3818942498646
2861,-91.384930743389
2862,-91.3879661757589
2863,-91.3910005477157
2864,-91.3940338600001
2865,-91.3970661133519
2866,-91.4000973085103
2867,-91.4031274462134
2868,-91.406156527199
2869,-91.4091845522037
2870,-91.4122115219636
2871,-91.4152374372139
2872,-91.418262298689
2873,-91.4212861071227
2874,-91.4243088632479
2875,-91.4273305677967
2876,-91.4303512215006
2877,-91.4333708250903
2878,-91.4363893792955
2879,-91.4394068848454
2880,-91.4424233424684
2881,-91.445438752892
2882,-91.4484531168432
2883,-91.4514664350479
2884,-91.4544787082316
2885,-91.4574899371188
2886,-91.4605001224333
2887,-91.4635092648981
2888,-91.4665173652358
2889,-91.4695244241677
2890,-91.4725304424147
2891,-91.4755354206969
2892,-91.4785393597336
2893,-91.4815422602434
2894,-91.4845441229441
2895,-91.4875449485528
2896,-91.4905447377859
2897,-91.493543491359
2898,-91.4965412099869
2899,-91.4995378943837
2900,-91.5025335452629
2901,-91.505528163337
2902,-91.5085217493181
2903,-91.5115143039172
2904,-91.5145058278449
2905,-91.5174963218107
2906,-91.5204857865238
2907,-91.5234742226923
2908,-91.5264616310238
2909,-91.5294480122249
2910,-91.5324333670019
2911,-91.53541769606
2912,-91.5384010001037
2913,-91.5413832798371
2914,-91.5443645359632
2915,-91.5473447691844
2916,-91.5503239802025
2917,-91.5533021697184
2918,-91.5562793384324
2919,-91.559255487044
2920,-91.5622306162521
2921,-91.5652047267547
2922,-91.5681778192493
2923,-91.5711498944325
2924,-91.5741209530002
2925,-91.5770909956477
2926,-91.5800600230696
2927,-91.5830280359596
2928,-91.5859950350108
2929,-91.5889610209157
2930,-91.5919259943659
2931,-91.5948899560525
2932,-91.5978529066656
2933,-91.6008148468948
2934,-91.603775777429
2935,-91.6067356989564
2936,-91.6096946121644
2937,-91.6126525177397
2938,-91.6156094163685
2939,-91.618565308736
2940,-91.6215201955269
2941,-91.6244740774251
2942,-91.627426955114
2943,-91.630378829276
2944,-91.633329700593
2945,-91.6362795697462
2946,-91.639228437416
2947,-91.6421763042822
2948,-91.645123171024
2949,-91.6480690383197
2950,-91.651013906847
2951,-91.6539577772829
2952,-91.6569006503038
2953,-91.6598425265853
2954,-91.6627834068024
2955,-91.6657232916292
2956,-91.6686621817395
2957,-91.6716000778061
2958,-91.6745369805012
2959,-91.6774728904964
2960,-91.6804078084625
2961,-91.6833417350697
2962,-91.6862746709875
2963,-91.6892066168848
2964,-91.6921375734296
2965,-91.6950675412894
2966,-91.697996521131
2967,-91.7009245136206
2968,-91.7038515194235
2969,-91.7067775392046
2970,-91.709702573628
2971,-91.712626623357
2972,-91.7155496890545
2973,-91.7184717713825
2974,-91.7213928710025
2975,-91.7243129885751
2976,-91.7272321247606
2977,-91.7301502802182
2978,-91.7330674556069
2979,-91.7359836515846
2980,-91.7388988688088
2981,-91.7418131079364
2982,-91.7447263696233
2983,-91.747638654525
2984,-91.7505499632964
2985,-91.7534602965915
2986,-91.7563696550639
2987,-91.7592780393663
2988,-91.762185450151
2989,-91.7650918880694
2990,-91.7679973537723
2991,-91.7709018479101
2992,-91.7738053711322
2993,-91.7767079240876
2994,-91.7796095074244
2995,-91.7825101217903
2996,-91.7854097678323
2997,-91.7883084461966
2998,-91.791206157529
2999,-91.7941029024743
3000,-91.796998681677
3001,-91.7998934957808
3002,-91.8027873454288
3003,-91.8056802312634
3004,-91.8085721539264
3005,-91.8114631140589
3006,-91.8143531123015
3007,-91.8172421492941
3008,-91.8201302256758
3009,-91.8230173420854
3010,-91.8259034991606
3011,-91.8287886975389
3012,-91.831672937857
3013,-91.8345562207509
3014,-91.837438546856
3015,-91.8403199168072
3016,-91.8432003312385
3017,-91.8460797907835
3018,-91.8489582960752
3019,-91.8518358477457
3020,-91.8547124464268
3021,-91.8575880927494
3022,-91.8604627873439
3023,-91.8633365308401
3024,-91.8662093238671
3025,-91.8690811670535
3026,-91.8719520610271
3027,-91.8748220064152
3028,-91.8776910038445
3029,-91.8805590539409
3030,-91.8834261573299
3031,-91.8862923146362
3032,-91.8891575264841
3033,-91.892021793497
3034,-91.894885116298
3035,-91.8977474955093
3036,-91.9006089317526
3037,-91.903469425649
3038,-91.9063289778191
3039,-91.9091875888826
3040,-91.9120452594588
3041,-91.9149019901664
3042,-91.9177577816233
3043,-91.9206126344471
3044,-91.9234665492544
3045,-91.9263195266616
3046,-91.9291715672842
3047,-91.9320226717372
3048,-91.934872840635
3049,-91.9377220745914
3050,-91.9405703742195
3051,-91.9434177401319
3052,-91.9462641729406
3053,-91.949109673257
3054,-91.9519542416918
3055,-91.9547978788552
3056,-91.9576405853568
3057,-91.9604823618055
3058,-91.9633232088098
3059,-91.9661631269773
3060,-91.9690021169154
3061,-91.9718401792304
3062,-91.9746773145286
3063,-91.9775135234152
3064,-91.9803488064951
3065,-91.9831831643724
3066,-91.9860165976509
3067,-91.9888491069335
3068,-91.9916806928226
3069,-91.9945113559202
3070,-91.9973410968275
3071,-92.0001699161451
3072,-92.0029978144732
3073,-92.0058247924113
3074,-92.0086508505583
3075,-92.0114759895125
3076,-92.0143002098716
3077,-92.0171235122329
3078,-92.019945897193
3079,-92.0227673653477
3080,-92.0255879172926
3081,-92.0284075536226
3082,-92.0312262749318
3083,-92.0340440818139
3084,-92.0368609748621
3085,-92.039676954669
3086,-92.0424920218263
3087,-92.0453061769257
3088,-92.0481194205577
3089,-92.0509317533128
3090,-92.0537431757804
3091,-92.0565536885498
3092,-92.0593632922095
3093,-92.0621719873473
3094,-92.0649797745507
3095,-92.0677866544065
3096,-92.0705926275008
3097,-92.0733976944195
3098,-92.0762018557475
3099,-92.0790051120694
3100,-92.0818074639692
3101,-92.0846089120303
3102,-92.0874094568355
3103,-92.0902090989671
3104,-92.0930078390068
3105,-92.0958056775357
3106,-92.0986026151345
3107,-92.1013986523832
3108,-92.1041937898613
3109,-92.1069880281476
3110,-92.1097813678205
3111,-92.1125738094578
3112,-92.1153653536368
3113,-92.1181560009341
3114,-92.1209457519258
3115,-92.1237346071875
3116,-92.1265225672943
3117,-92.1293096328205
3118,-92.1320958043402
3119,-92.1348810824266
3120,-92.1376654676526
3121,-92.1404489605904
3122,-92.1432315618117
3123,-92.1460132718877
3124,-92.148794091389
3125,-92.1515740208856
3126,-92.1543530609471
3127,-92.1571312121424
3128,-92.15990847504
3129,-92.1626848502076
3130,-92.1654603382127
3131,-92.168234939622
3132,-92.1710086550019
3133,-92.1737814849178
3134,-92.1765534299352
3135,-92.1793244906185
3136,-92.1820946675318
3137,-92.1848639612387
3138,-92.1876323723021
3139,-92.1903999012846
3140,-92.193166548748
3141,-92.1959323152538
3142,-92.1986972013628
3143,-92.2014612076353
3144,-92.2042243346312
3145,-92.2069865829095
3146,-92.2097479530291
3147,-92.2125084455482
3148,-92.2152680610243
3149,-92.2180268000146
3150,-92.2207846630758
3151,-92.2235416507637
3152,-92.2262977636341
3153,-92.2290530022418
3154,-92.2318073671414
3155,-92.2345608588868
3156,-92.2373134780314
3157,-92.2400652251281
3158,-92.2428161007293
3159,-92.2455661053867
3160,-92.2483152396518
3161,-92.2510635040753
3162,-92.2538108992075
3163,-92.2565574255982
3164,-92.2593030837965
3165,-92.2620478743512
3166,-92.2647917978105
3167,-92.267534854722
3168,-92.2702770456329
3169,-92.2730183710898
3170,-92.2757588316388
3171,-92.2784984278255
3172,-92.2812371601951
3173,-92.283975029292
3174,-92.2867120356603
3175,-92.2894481798436
3176,-92.2921834623849
3177,-92.2949178838267
3178,-92.297651444711
3179,-92.3003841455792
3180,-92.3031159869724
3181,-92.305846969431
3182,-92.308577093495
3183,-92.3113063597038
3184,-92.3140347685964
3185,-92.3167623207111
3186,-92.319489016586
3187,-92.3222148567584
3188,-92.3249398417652
3189,-92.3276639721429
3190,-92.3303872484274
3191,-92.333109671154
3192,-92.3358312408576
3193,-92.3385519580726
3194,-92.341271823333
3195,-92.3439908371721
3196,-92.3467090001228
3197,-92.3494263127175
3198,-92.3521427754881
3199,-92.3548583889659
3200,-92.3575731536819
3201,-92.3602870701664
3202,-92.3630001389494
3203,-92.3657123605602
3204,-92.3684237355277
3205,-92.3711342643805
3206,-92.3738439476463
3207,-92.3765527858525
3208,-92.3792607795263
3209,-92.3819679291938
3210,-92.3846742353812
3211,-92.3873796986138
3212,-92.3900843194166
3213,-92.3927880983141
3214,-92.3954910358303
3215,-92.3981931324886
3216,-92.400894388812
3217,-92.4035948053231
3218,-92.406294382544
3219,-92.408993120996
3220,-92.4116910212004
3221,-92.4143880836776
3222,-92.4170843089477
3223,-92.4197796975304
3224,-92.4224742499448
3225,-92.4251679667095
3226,-92.4278608483426
3227,-92.4305528953618
3228,-92.4332441082844
3229,-92.435934487627
3230,-92.4386240339058
3231,-92.4413127476366
3232,-92.4440006293347
3233,-92.4466876795149
3234,-92.4493738986914
3235,-92.4520592873781
3236,-92.4547438460884
3237,-92.4574275753352
3238,-92.4601104756308
3239,-92.4627925474873
3240,-92.465473791416
3241,-92.4681542079279
3242,-92.4708337975337
3243,-92.4735125607432
3244,-92.4761904980661
3245,-92.4788676100115
3246,-92.481543897088
3247,-92.4842193598038
3248,-92.4868939986665
3249,-92.4895678141834
3250,-92.4922408068612
3251,-92.4949129772063
3252,-92.4975843257244
3253,-92.5002548529208
3254,-92.5029245593005
3255,-92.505593445368
3256,-92.508261511627
3257,-92.5109287585812
3258,-92.5135951867336
3259,-92.5162607965866
3260,-92.5189255886425
3261,-92.5215895634029
3262,-92.5242527213689
3263,-92.5269150630412
3264,-92.5295765889202
3265,-92.5322372995056
3266,-92.5348971952967
3267,-92.5375562767925
3268,-92.5402145444913
3269,-92.5428719988911
3270,-92.5455286404895
3271,-92.5481844697834
3272,-92.5508394872695
3273,-92.5534936934438
3274,-92.5561470888022
3275,-92.5587996738398
3276,-92.5614514490514
3277,-92.5641024149313
3278,-92.5667525719734
3279,-92.5694019206711
3280,-92.5720504615173
3281,-92.5746981950047
3282,-92.5773451216252
3283,-92.5799912418706
3284,-92.5826365562318
3285,-92.5852810651997
3286,-92.5879247692646
3287,-92.5905676689162
3288,-92.593209764644
3289,-92.5958510569368
3290,-92.5984915462832
3291,-92.6011312331712
3292,-92.6037701180884
3293,-92.6064082015219
3294,-92.6090454839585
3295,-92.6116819658843
3296,-92.6143176477853
3297,-92.6169525301468
3298,-92.6195866134538
3299,-92.6222198981906
3300,-92.6248523848415
3301,-92.62748407389
3302,-92.6301149658192
3303,-92.632745061112
3304,-92.6353743602506
3305,-92.6380028637169
3306,-92.6406305719923
3307,-92.6432574855578
3308,-92.6458836048939
3309,-92.6485089304808
3310,-92.6511334627981
3311,-92.6537572023251
3312,-92.6563801495406
3313,-92.6590023049229
3314,-92.6616236689501
3315,-92.6642442420996
3316,-92.6668640248485
3317,-92.6694830176734
3318,-92.6721012210506
3319,-92.6747186354558
3320,-92.6773352613645
3321,-92.6799510992515
3322,-92.6825661495913
3323,-92.685180412858
3324,-92.6877938895252
3325,-92.6904065800662
3326,-92.6930184849538
3327,-92.6956296046602
3328,-92.6982399396575
3329,-92.7008494904171
3330,-92.7034582574101
3331,-92.7060662411073
3332,-92.7086734419787
3333,-92.7112798604943
3334,-92.7138854971235
3335,-92.7164903523351
3336,-92.7190944265978
3337,-92.7216977203796
3338,-92.7243002341483
3339,-92.7269019683712
3340,-92.729502923515
3341,-92.7321031000464
3342,-92.7347024984312
3343,-92.7373011191351
3344,-92.7398989626233
3345,-92.7424960293606
3346,-92.7450923198113
3347,-92.7476878344393
3348,-92.7502825737082
3349,-92.7528765380811
3350,-92.7554697280207
3351,-92.7580621439892
3352,-92.7606537864485
3353,-92.7632446558602
3354,-92.7658347526851
3355,-92.768424077384
3356,-92.771012630417
3357,-92.773600412244
3358,-92.7761874233243
3359,-92.778773664117
3360,-92.7813591350806
3361,-92.7839438366733
3362,-92.7865277693528
3363,-92.7891109335765
3364,-92.7916933298012
3365,-92.7942749584837
3366,-92.7968558200798
3367,-92.7994359150455
3368,-92.802015243836
3369,-92.8045938069062
3370,-92.8071716047105
3371,-92.8097486377032
3372,-92.8123249063378
3373,-92.8149004110678
3374,-92.8174751523459
3375,-92.8200491306246
3376,-92.8226223463561
3377,-92.825194799992
3378,-92.8277664919835
3379,-92.8303374227817
3380,-92.8329075928368
3381,-92.8354770025991
3382,-92.8380456525182
3383,-92.8406135430434
3384,-92.8431806746235
3385,-92.845747047707
3386,-92.8483126627421
3387,-92.8508775201764
3388,-92.8534416204571
3389,-92.8560049640313
3390,-92.8585675513454
3391,-92.8611293828455
3392,-92.8636904589773
3393,-92.8662507801861
3394,-92.8688103469169
3395,-92.8713691596142
3396,-92.8739272187221
3397,-92.8764845246843
3398,-92.8790410779443
3399,-92.8815968789449
3400,-92.8841519281288
3401,-92.8867062259382
3402,-92.8892597728147
3403,-92.8918125691999
3404,-92.8943646155348
3405,-92.8969159122598
3406,-92.8994664598154
3407,-92.9020162586413
3408,-92.904565309177
3409,-92.9071136118616
3410,-92.9096611671337
3411,-92.9122079754317
3412,-92.9147540371935
3413,-92.9172993528565
3414,-92.919843922858
3415,-92.9223877476348
3416,-92.9249308276231
3417,-92.927473163259
3418,-92.9300147549781
3419,-92.9325556032156
3420,-92.9350957084064
3421,-92.937635070985
3422,-92.9401736913854
3423,-92.9427115700413
3424,-92.9452487073861
3425,-92.9477851038526
3426,-92.9503207598736
3427,-92.9528556758811
3428,-92.955389852307
3429,-92.9579232895826
3430,-92.9604559881392
3431,-92.9629879484072
3432,-92.9655191708171
3433,-92.9680496557988
3434,-92.9705794037817
3435,-92.9731084151951
3436,-92.9756366904678
3437,-92.9781642300283
3438,-92.9806910343044
3439,-92.983217103724
3440,-92.9857424387144
3441,-92.9882670397024
3442,-92.9907909071146
3443,-92.9933140413772
3444,-92.9958364429161
3445,-92.9983581121566
